count,ts_gen,ts_rtt,w_rtt,bit_success_gen
1,1790693238845526013,455242,1.000000,1
2,1790693238846384027,260921,1.000000,1
3,1790693238846855440,193222,1.000000,1
4,1790693238847263843,184971,1.000000,1
5,1790693238847662775,170851,1.000000,1
6,1790693238848045167,167571,1.000000,1
7,1790693238848441619,180461,1.000000,1
8,1790693238848831261,175921,1.000000,1
9,1790693238849263133,168021,1.000000,1
10,1790693238849669575,158941,1.000000,1
11,1790693238850069558,154671,1.000000,1
12,1790693238850465030,161431,1.000000,1
13,1790693238850866042,153361,1.000000,1
14,1790693238851261434,159101,1.000000,1
15,1790693238851657806,153741,1.000000,1
16,1790693238852057088,154341,1.000000,1
17,1790693238852455070,158921,1.000000,1
18,1790693238852856732,156302,1.000000,1
19,1790693238853253795,148991,1.000000,1
20,1790693238853654627,156401,1.000000,1
21,1790693238854056789,155041,1.000000,1
22,1790693238854444341,158391,1.000000,1
23,1790693238854849834,154510,1.000000,1
24,1790693238855277426,151981,1.000000,1
25,1790693238855710758,156151,1.000000,1
26,1790693238856106321,156191,1.000000,1
27,1790693238856503123,157131,1.000000,1
28,1790693238856919205,157901,1.000000,1
29,1790693238857320677,153051,1.000000,1
30,1790693238857717419,170661,1.000000,1
31,1790693238858125361,155571,1.000000,1
32,1790693238858553554,171210,1.000000,1
33,1790693238858979577,153481,1.000000,1
34,1790693238859382709,153961,1.000000,1
35,1790693238859784161,155401,1.000000,1
36,1790693238860179173,154221,1.000000,1
37,1790693238860572955,153591,1.000000,1
38,1790693238861010167,156251,1.000000,1
39,1790693238861437799,165861,1.000000,1
40,1790693238861839921,163712,1.000000,1
41,1790693238862255575,163320,1.000000,1
42,1790693238862659777,160490,1.000000,1
43,1790693238863055939,158910,1.000000,1
44,1790693238863452671,169871,1.000000,1
45,1790693238863851653,160121,1.000000,1
46,1790693238864248195,160131,1.000000,1
47,1790693238864655257,168551,1.000000,1
48,1790693238865092790,162561,1.000000,1
49,1790693238865492922,163441,1.000000,1
50,1790693238865927384,166051,1.000000,1
51,1790693238866325076,159601,1.000000,1
52,1790693238866729208,166851,1.000000,1
53,1790693238867128140,161451,1.000000,1
54,1790693238867557853,166181,1.000000,1
55,1790693238867960786,160891,1.000000,1
56,1790693238868364888,159881,1.000000,1
57,1790693238868766480,172031,1.000000,1
58,1790693238869167132,160801,1.000000,1
59,1790693238869563524,164171,1.000000,1
60,1790693238869980866,163901,1.000000,1
61,1790693238870374018,158311,1.000000,1
62,1790693238870778850,165481,1.000000,1
63,1790693238871168363,159611,1.000000,1
64,1790693238871577295,167011,1.000000,1
65,1790693238871972388,163350,1.000000,1
66,1790693238872367340,159610,1.000000,1
67,1790693238872762662,167681,1.000000,1
68,1790693238873166454,160621,1.000000,1
69,1790693238873600386,164111,1.000000,1
70,1790693238873996179,162221,1.000000,1
71,1790693238874389411,159551,1.000000,1
72,1790693238874794253,170771,1.000000,1
73,1790693238875188435,157961,1.000000,1
74,1790693238875583377,162131,1.000000,1
75,1790693238875982709,162161,1.000000,1
76,1790693238876382931,160401,1.000000,1
77,1790693238876792513,167171,1.000000,1
78,1790693238877196427,163760,1.000000,1
79,1790693238877596799,165970,1.000000,1
80,1790693238877994731,171621,1.000000,1
81,1790693238878386073,159800,1.000000,1
82,1790693238878793935,166491,1.000000,1
83,1790693238879218467,163181,1.000000,1
84,1790693238879654609,163551,1.000000,1
85,1790693238880052532,160921,1.000000,1
86,1790693238880453414,172981,1.000000,1
87,1790693238880854106,170531,1.000000,1
88,1790693238881261188,167221,1.000000,1
89,1790693238881659590,162351,1.000000,1
90,1790693238882051802,162021,1.000000,1
91,1790693238882442944,167821,1.000000,1
92,1790693238882843407,160701,1.000000,1
93,1790693238883233010,158170,1.000000,1
94,1790693238883637682,165100,1.000000,1
95,1790693238884057564,158471,1.000000,1
96,1790693238884449366,172251,1.000000,1
97,1790693238884839318,162881,1.000000,1
98,1790693238885238670,157401,1.000000,1
99,1790693238885664902,158301,1.000000,1
100,1790693238886063835,154551,1.000000,1
101,1790693238886485137,164511,1.000000,1
102,1790693238886879249,154881,1.000000,1
103,1790693238887270041,153731,1.000000,1
104,1790693238887665623,155701,1.000000,1
105,1790693238888061275,155651,1.000000,1
106,1790693238888448927,161531,1.000000,1
107,1790693238888852549,157182,1.000000,1
108,1790693238889257252,154051,1.000000,1
109,1790693238889683125,157240,1.000000,1
110,1790693238890075507,159820,1.000000,1
111,1790693238890466479,173070,1.000000,1
112,1790693238890867441,162450,1.000000,1
113,1790693238891262243,158780,1.000000,1
114,1790693238891686645,163761,1.000000,1
115,1790693238892078928,158801,1.000000,1
116,1790693238892472740,164851,1.000000,1
117,1790693238892867032,163751,1.000000,1
118,1790693238893279454,159751,1.000000,1
119,1790693238893675276,161181,1.000000,1
120,1790693238894079238,161001,1.000000,1
121,1790693238894475840,172151,1.000000,1
122,1790693238894879172,160832,1.000000,1
123,1790693238895275985,159691,1.000000,1
124,1790693238895687487,163521,1.000000,1
125,1790693238896083109,161731,1.000000,1
126,1790693238896481511,162021,1.000000,1
127,1790693238896920234,162371,1.000000,1
128,1790693238897326266,164051,1.000000,1
129,1790693238897755708,168561,1.000000,1
130,1790693238898151181,160191,1.000000,1
131,1790693238898547233,162221,1.000000,1
132,1790693238898954995,162711,1.000000,1
133,1790693238899382997,163681,1.000000,1
134,1790693238899792000,169821,1.000000,1
135,1790693238900192152,162131,1.000000,1
136,1790693238900596764,165711,1.000000,1
137,1790693238901001277,162371,1.000000,1
138,1790693238901410349,159761,1.000000,1
139,1790693238901809611,163581,1.000000,1
140,1790693238902212673,162531,1.000000,1
141,1790693238902616645,166551,1.000000,1
142,1790693238903044318,160890,1.000000,1
143,1790693238903440890,167840,1.000000,1
144,1790693238903876192,164352,1.000000,1
145,1790693238904276025,161711,1.000000,1
146,1790693238904683477,161721,1.000000,1
147,1790693238905081739,160091,1.000000,1
148,1790693238905486211,165791,1.000000,1
149,1790693238905889813,162661,1.000000,1
150,1790693238906300155,163491,1.000000,1
151,1790693238906734567,165401,1.000000,1
152,1790693238907171941,160331,1.000000,1
153,1790693238907576013,164491,1.000000,1
154,1790693238907980625,167241,1.000000,1
155,1790693238908386427,162561,1.000000,1
156,1790693238908802479,164511,1.000000,1
157,1790693238909200531,161371,1.000000,1
158,1790693238909601213,165361,1.000000,1
159,1790693238910028296,160651,1.000000,1
160,1790693238910427178,163211,1.000000,1
161,1790693238910826310,164821,1.000000,1
162,1790693238911265533,159661,1.000000,1
163,1790693238911669595,163901,1.000000,1
164,1790693238912072397,161851,1.000000,1
165,1790693238912470649,174281,1.000000,1
166,1790693238912872201,161732,1.000000,1
167,1790693238913270194,158251,1.000000,1
168,1790693238913685906,165961,1.000000,1
169,1790693238914087828,162051,1.000000,1
170,1790693238914485030,168471,1.000000,1
171,1790693238914887252,164471,1.000000,1
172,1790693238915289654,159791,1.000000,1
173,1790693238915689546,163031,1.000000,1
174,1790693238916120340,163010,1.000000,1
175,1790693238916516552,164740,1.000000,1
176,1790693238916922024,164141,1.000000,1
177,1790693238917319276,160211,1.000000,1
178,1790693238917718458,172541,1.000000,1
179,1790693238918117800,162851,1.000000,1
180,1790693238918518822,165291,1.000000,1
181,1790693238918920814,163442,1.000000,1
182,1790693238919352427,161231,1.000000,1
183,1790693238919795189,164941,1.000000,1
184,1790693238920188371,160331,1.000000,1
185,1790693238920599374,167060,1.000000,1
186,1790693238921003946,160850,1.000000,1
187,1790693238921404038,160420,1.000000,1
188,1790693238921821290,164552,1.000000,1
189,1790693238922253843,163821,1.000000,1
190,1790693238922659915,164551,1.000000,1
191,1790693238923056957,161951,1.000000,1
192,1790693238923458499,169131,1.000000,1
193,1790693238923854721,160391,1.000000,1
194,1790693238924257223,160811,1.000000,1
195,1790693238924661395,163321,1.000000,1
196,1790693238925061228,161381,1.000000,1
197,1790693238925461320,166981,1.000000,1
198,1790693238925863363,171650,1.000000,1
199,1790693238926263085,161560,1.000000,1
200,1790693238926667017,162580,1.000000,1
201,1790693238927062379,160380,1.000000,1
202,1790693238927471821,171291,1.000000,1
203,1790693238927903533,167372,1.000000,1
204,1790693238928333406,160961,1.000000,1
205,1790693238928736358,163931,1.000000,1
206,1790693238929133030,160211,1.000000,1
207,1790693238929530362,166751,1.000000,1
208,1790693238929937724,164111,1.000000,1
209,1790693238930328776,160821,1.000000,1
210,1790693238930731959,164430,1.000000,1
211,1790693238931128912,177831,1.000000,1
212,1790693238931527454,163041,1.000000,1
213,1790693238931932996,162161,1.000000,1
214,1790693238932325618,160131,1.000000,1
215,1790693238932730290,180311,1.000000,1
216,1790693238933132452,163271,1.000000,1
217,1790693238933529834,163621,1.000000,1
218,1790693238933934826,160622,1.000000,1
219,1790693238934359930,156540,1.000000,1
220,1790693238934779832,162351,1.000000,1
221,1790693238935163184,155520,1.000000,1
222,1790693238935557586,156180,1.000000,1
223,1790693238935963798,158611,1.000000,1
224,1790693238936395680,159641,1.000000,1
225,1790693238936798982,163551,1.000000,1
226,1790693238937203105,154161,1.000000,1
227,1790693238937610187,159961,1.000000,1
228,1790693238938061850,163070,1.000000,1
229,1790693238938480312,171581,1.000000,1
230,1790693238938881214,160401,1.000000,1
231,1790693238939281466,159541,1.000000,1
232,1790693238939683118,161061,1.000000,1
233,1790693238940080871,161671,1.000000,1
234,1790693238940509203,162611,1.000000,1
235,1790693238940914865,161621,1.000000,1
236,1790693238941314507,165501,1.000000,1
237,1790693238941713409,167801,1.000000,1
238,1790693238942110701,161621,1.000000,1
239,1790693238942502303,162491,1.000000,1
240,1790693238942901305,159802,1.000000,1
241,1790693238943294208,160501,1.000000,1
242,1790693238943694050,163761,1.000000,1
243,1790693238944092252,161281,1.000000,1
244,1790693238944494234,170211,1.000000,1
245,1790693238944908827,162660,1.000000,1
246,1790693238945327479,162311,1.000000,1
247,1790693238945733271,164451,1.000000,1
248,1790693238946132764,162191,1.000000,1
249,1790693238946563856,163591,1.000000,1
250,1790693238946960168,159451,1.000000,1
251,1790693238947357480,161781,1.000000,1
252,1790693238947771222,171401,1.000000,1
253,1790693238948176504,161581,1.000000,1
254,1790693238948604107,164830,1.000000,1
255,1790693238949026440,161201,1.000000,1
256,1790693238949425912,164001,1.000000,1
257,1790693238949816904,161911,1.000000,1
258,1790693238950201026,155851,1.000000,1
259,1790693238950602818,160691,1.000000,1
260,1790693238951023100,159471,1.000000,1
261,1790693238951418972,155341,1.000000,1
262,1790693238951816134,157102,1.000000,1
263,1790693238952205027,156481,1.000000,1
264,1790693238952642399,159931,1.000000,1
265,1790693238953036801,155011,1.000000,1
266,1790693238953434693,159831,1.000000,1
267,1790693238953839725,163801,1.000000,1
268,1790693238954244017,161681,1.000000,1
269,1790693238954667810,168271,1.000000,1
270,1790693238955066483,161431,1.000000,1
271,1790693238955462385,164761,1.000000,1
272,1790693238955866507,162521,1.000000,1
273,1790693238956262149,158431,1.000000,1
274,1790693238956663041,164791,1.000000,1
275,1790693238957067313,163051,1.000000,1
276,1790693238957469985,171171,1.000000,1
277,1790693238957885117,171202,1.000000,1
278,1790693238958271850,158331,1.000000,1
279,1790693238958713542,165291,1.000000,1
280,1790693238959111305,161840,1.000000,1
281,1790693238959508837,161871,1.000000,1
282,1790693238959909599,161721,1.000000,1
283,1790693238960306081,161271,1.000000,1
284,1790693238960708263,162331,1.000000,1
285,1790693238961103266,161231,1.000000,1
286,1790693238961512278,161091,1.000000,1
287,1790693238961905340,161541,1.000000,1
288,1790693238962302912,162051,1.000000,1
289,1790693238962701704,162631,1.000000,1
290,1790693238963101006,162701,1.000000,1
291,1790693238963498558,161471,1.000000,1
292,1790693238963902260,162372,1.000000,1
293,1790693238964301194,158440,1.000000,1
294,1790693238964736656,163151,1.000000,1
295,1790693238965169338,160931,1.000000,1
296,1790693238965566360,163471,1.000000,1
297,1790693238965976142,157721,1.000000,1
298,1790693238966361164,154421,1.000000,1
299,1790693238966756316,159901,1.000000,1
300,1790693238967152899,159061,1.000000,1
301,1790693238967550661,157061,1.000000,1
302,1790693238967952123,160011,1.000000,1
303,1790693238968384455,159541,1.000000,1
304,1790693238968798928,160470,1.000000,1
305,1790693238969221750,156041,1.000000,1
306,1790693238969638622,161861,1.000000,1
307,1790693238970074885,162471,1.000000,1
308,1790693238970480667,169341,1.000000,1
309,1790693238970909979,162251,1.000000,1
310,1790693238971314001,166431,1.000000,1
311,1790693238971719204,164720,1.000000,1
312,1790693238972117516,160530,1.000000,1
313,1790693238972514288,162570,1.000000,1
314,1790693238972912420,161881,1.000000,1
315,1790693238973311933,161421,1.000000,1
316,1790693238973720615,165481,1.000000,1
317,1790693238974116657,160801,1.000000,1
318,1790693238974546179,163371,1.000000,1
319,1790693238974956491,162411,1.000000,1
320,1790693238975352193,163061,1.000000,1
321,1790693238975747865,165151,1.000000,1
322,1790693238976141408,159441,1.000000,1
323,1790693238976546390,168571,1.000000,1
324,1790693238976984813,164550,1.000000,1
325,1790693238977381935,161560,1.000000,1
326,1790693238977792187,167561,1.000000,1
327,1790693238978187429,160641,1.000000,1
328,1790693238978589931,163901,1.000000,1
329,1790693238979020374,161391,1.000000,1
330,1790693238979420586,159791,1.000000,1
331,1790693238979852668,164241,1.000000,1
332,1790693238980259510,163101,1.000000,1
333,1790693238980661102,164901,1.000000,1
334,1790693238981059384,161291,1.000000,1
335,1790693238981458886,174401,1.000000,1
336,1790693238981866989,166531,1.000000,1
337,1790693238982260782,159950,1.000000,1
338,1790693238982661384,163920,1.000000,1
339,1790693238983092286,163761,1.000000,1
340,1790693238983496018,164741,1.000000,1
341,1790693238983898010,162501,1.000000,1
342,1790693238984297482,160471,1.000000,1
343,1790693238984692614,167421,1.000000,1
344,1790693238985096117,161111,1.000000,1
345,1790693238985494339,161691,1.000000,1
346,1790693238985896741,162261,1.000000,1
347,1790693238986292153,161981,1.000000,1
348,1790693238986690965,161171,1.000000,1
349,1790693238987081137,158861,1.000000,1
350,1790693238987473419,168711,1.000000,1
351,1790693238987873131,163092,1.000000,1
352,1790693238988310925,164960,1.000000,1
353,1790693238988709717,161840,1.000000,1
354,1790693238989137829,164741,1.000000,1
355,1790693238989557471,164561,1.000000,1
356,1790693238989995673,161751,1.000000,1
357,1790693238990395825,167261,1.000000,1
358,1790693238990802147,161051,1.000000,1
359,1790693238991202561,161660,1.000000,1
360,1790693238991628253,173201,1.000000,1
361,1790693238992035015,160371,1.000000,1
362,1790693238992438027,163421,1.000000,1
363,1790693238992851159,163691,1.000000,1
364,1790693238993260451,162071,1.000000,1
365,1790693238993665173,163671,1.000000,1
366,1790693238994065817,161830,1.000000,1
367,1790693238994462529,165910,1.000000,1
368,1790693238994875581,167071,1.000000,1
369,1790693238995305043,158411,1.000000,1
370,1790693238995717045,167401,1.000000,1
371,1790693238996110277,161801,1.000000,1
372,1790693238996517679,162681,1.000000,1
373,1790693238996919931,161202,1.000000,1
374,1790693238997323084,159881,1.000000,1
375,1790693238997727236,164721,1.000000,1
376,1790693238998127238,162821,1.000000,1
377,1790693238998523960,164531,1.000000,1
378,1790693238998926932,160961,1.000000,1
379,1790693238999322275,160020,1.000000,1
380,1790693238999739847,162970,1.000000,1
381,1790693239000137680,160391,1.000000,1
382,1790693239000532612,161811,1.000000,1
383,1790693239000938244,160781,1.000000,1
384,1790693239001368846,160731,1.000000,1
385,1790693239001773018,178151,1.000000,1
386,1790693239002165240,165051,1.000000,1
387,1790693239002567982,164101,1.000000,1
388,1790693239002979745,166981,1.000000,1
389,1790693239003381127,159791,1.000000,1
390,1790693239003795499,169331,1.000000,1
391,1790693239004185031,159631,1.000000,1
392,1790693239004585463,161951,1.000000,1
393,1790693239004992586,160380,1.000000,1
394,1790693239005390978,158500,1.000000,1
395,1790693239005796860,167311,1.000000,1
396,1790693239006191923,159901,1.000000,1
397,1790693239006591035,162781,1.000000,1
398,1790693239007022567,160061,1.000000,1
399,1790693239007447059,168291,1.000000,1
400,1790693239007845951,159831,1.000000,1
401,1790693239008238773,165301,1.000000,1
402,1790693239008639655,165761,1.000000,1
403,1790693239009034608,158711,1.000000,1
404,1790693239009453510,171991,1.000000,1
405,1790693239009852002,169091,1.000000,1
406,1790693239010295895,164231,1.000000,1
407,1790693239010723157,164041,1.000000,1
408,1790693239011121239,162721,1.000000,1
409,1790693239011516991,167491,1.000000,1
410,1790693239011915373,161072,1.000000,1
411,1790693239012314056,161781,1.000000,1
412,1790693239012716388,162811,1.000000,1
413,1790693239013116680,161271,1.000000,1
414,1790693239013543712,164211,1.000000,1
415,1790693239013943844,162991,1.000000,1
416,1790693239014342456,166350,1.000000,1
417,1790693239014743539,164560,1.000000,1
418,1790693239015150642,161700,1.000000,1
419,1790693239015574344,164361,1.000000,1
420,1790693239015977136,162881,1.000000,1
421,1790693239016379068,162321,1.000000,1
422,1790693239016782930,164971,1.000000,1
423,1790693239017171192,160781,1.000000,1
424,1790693239017573434,166611,1.000000,1
425,1790693239017974897,162151,1.000000,1
426,1790693239018371389,159871,1.000000,1
427,1790693239018769221,169171,1.000000,1
428,1790693239019171153,159561,1.000000,1
429,1790693239019605766,164621,1.000000,1
430,1790693239020031688,161101,1.000000,1
431,1790693239020428920,161651,1.000000,1
432,1790693239020842092,165582,1.000000,1
433,1790693239021271835,159691,1.000000,1
434,1790693239021673728,172480,1.000000,1
435,1790693239022107090,164031,1.000000,1
436,1790693239022501872,163331,1.000000,1
437,1790693239022905084,163461,1.000000,1
438,1790693239023308286,161121,1.000000,1
439,1790693239023708468,162681,1.000000,1
440,1790693239024107011,158831,1.000000,1
441,1790693239024500893,162781,1.000000,1
442,1790693239024913885,169641,1.000000,1
443,1790693239025314727,162541,1.000000,1
444,1790693239025752529,164271,1.000000,1
445,1790693239026149392,163190,1.000000,1
446,1790693239026545744,164270,1.000000,1
447,1790693239026949646,163811,1.000000,1
448,1790693239027350369,163481,1.000000,1
449,1790693239027747671,162561,1.000000,1
450,1790693239028150663,164221,1.000000,1
451,1790693239028580195,165451,1.000000,1
452,1790693239028980377,159951,1.000000,1
453,1790693239029383079,157831,1.000000,1
454,1790693239029785271,160051,1.000000,1
455,1790693239030181754,159341,1.000000,1
456,1790693239030580216,160051,1.000000,1
457,1790693239030978078,162211,1.000000,1
458,1790693239031410710,160221,1.000000,1
459,1790693239031841173,160841,1.000000,1
460,1790693239032239615,157361,1.000000,1
461,1790693239032640537,163561,1.000000,1
462,1790693239033041630,162061,1.000000,1
463,1790693239033437432,164071,1.000000,1
464,1790693239033841644,166091,1.000000,1
465,1790693239034230336,161271,1.000000,1
466,1790693239034641548,166471,1.000000,1
467,1790693239035073410,172771,1.000000,1
468,1790693239035501892,166031,1.000000,1
469,1790693239035905175,162651,1.000000,1
470,1790693239036301448,159420,1.000000,1
471,1790693239036704590,162290,1.000000,1
472,1790693239037106882,162081,1.000000,1
473,1790693239037510634,167041,1.000000,1
474,1790693239037946406,161531,1.000000,1
475,1790693239038373888,166221,1.000000,1
476,1790693239038784240,163561,1.000000,1
477,1790693239039171633,159531,1.000000,1
478,1790693239039566585,163151,1.000000,1
479,1790693239039970627,164401,1.000000,1
480,1790693239040368029,163881,1.000000,1
481,1790693239040768251,169901,1.000000,1
482,1790693239041168734,161910,1.000000,1
483,1790693239041599746,165511,1.000000,1
484,1790693239042004039,161191,1.000000,1
485,1790693239042392671,163151,1.000000,1
486,1790693239042801953,165391,1.000000,1
487,1790693239043204605,161991,1.000000,1
488,1790693239043614197,168461,1.000000,1
489,1790693239044046739,160361,1.000000,1
490,1790693239044438531,160611,1.000000,1
491,1790693239044838133,162782,1.000000,1
492,1790693239045236556,158591,1.000000,1
493,1790693239045634988,166291,1.000000,1
494,1790693239046068711,159110,1.000000,1
495,1790693239046460953,171861,1.000000,1
496,1790693239046868685,161811,1.000000,1
497,1790693239047264977,162721,1.000000,1
498,1790693239047670639,163831,1.000000,1
499,1790693239048098752,163831,1.000000,1
500,1790693239048497124,166081,1.000000,1
501,1790693239048906467,165240,1.000000,1
502,1790693239049324559,159431,1.000000,1
503,1790693239049723261,164031,1.000000,1
504,1790693239050151053,165611,1.000000,1
505,1790693239050548445,164101,1.000000,1
506,1790693239050942517,163922,1.000000,1
507,1790693239051335920,161291,1.000000,1
508,1790693239051746312,169281,1.000000,1
509,1790693239052170164,161731,1.000000,1
510,1790693239052558406,164881,1.000000,1
511,1790693239052951938,164701,1.000000,1
512,1790693239053348220,163231,1.000000,1
513,1790693239053743092,164841,1.000000,1
514,1790693239054141115,157871,1.000000,1
515,1790693239054533707,157811,1.000000,1
516,1790693239054935060,156340,1.000000,1
517,1790693239055334432,155980,1.000000,1
518,1790693239055727614,156990,1.000000,1
519,1790693239056148526,154611,1.000000,1
520,1790693239056539728,158811,1.000000,1
521,1790693239056939070,158202,1.000000,1
522,1790693239057342533,156161,1.000000,1
523,1790693239057745075,165361,1.000000,1
524,1790693239058152567,161631,1.000000,1
525,1790693239058586199,164861,1.000000,1
526,1790693239058985311,161261,1.000000,1
527,1790693239059382423,160091,1.000000,1
528,1790693239059789745,163651,1.000000,1
529,1790693239060176478,161581,1.000000,1
530,1790693239060582910,164441,1.000000,1
531,1790693239060985883,161900,1.000000,1
532,1790693239061385915,158900,1.000000,1
533,1790693239061797637,169501,1.000000,1
534,1790693239062221539,156131,1.000000,1
535,1790693239062648331,158751,1.000000,1
536,1790693239063043344,155391,1.000000,1
537,1790693239063437666,155671,1.000000,1
538,1790693239063847228,157101,1.000000,1
539,1790693239064255310,152601,1.000000,1
540,1790693239064668442,158901,1.000000,1
541,1790693239065071324,160071,1.000000,1
542,1790693239065468087,159860,1.000000,1
543,1790693239065867139,166142,1.000000,1
544,1790693239066274802,162060,1.000000,1
545,1790693239066668664,165291,1.000000,1
546,1790693239067068296,161441,1.000000,1
547,1790693239067468058,165221,1.000000,1
548,1790693239067877620,161141,1.000000,1
549,1790693239068306262,158701,1.000000,1
550,1790693239068712514,161001,1.000000,1
551,1790693239069113237,163011,1.000000,1
552,1790693239069516199,163601,1.000000,1
553,1790693239069923751,160781,1.000000,1
554,1790693239070317753,158511,1.000000,1
555,1790693239070715145,162531,1.000000,1
556,1790693239071127958,161370,1.000000,1
557,1790693239071525380,161160,1.000000,1
558,1790693239071932102,163651,1.000000,1
559,1790693239072335915,159911,1.000000,1
560,1790693239072772587,170831,1.000000,1
561,1790693239073166699,163851,1.000000,1
562,1790693239073568411,162371,1.000000,1
563,1790693239073973283,160321,1.000000,1
564,1790693239074407895,159321,1.000000,1
565,1790693239074815557,161421,1.000000,1
566,1790693239075212630,161531,1.000000,1
567,1790693239075627513,167560,1.000000,1
568,1790693239076041315,159721,1.000000,1
569,1790693239076442247,160361,1.000000,1
570,1790693239076851699,163381,1.000000,1
571,1790693239077253991,159651,1.000000,1
572,1790693239077678163,163271,1.000000,1
573,1790693239078082746,159341,1.000000,1
574,1790693239078479888,175811,1.000000,1
575,1790693239078877390,158821,1.000000,1
576,1790693239079281762,162421,1.000000,1
577,1790693239079682445,165310,1.000000,1
578,1790693239080082677,159401,1.000000,1
579,1790693239080510429,162811,1.000000,1
580,1790693239080916481,160082,1.000000,1
581,1790693239081321414,158121,1.000000,1
582,1790693239081720106,162181,1.000000,1
583,1790693239082112828,159131,1.000000,1
584,1790693239082504740,164051,1.000000,1
585,1790693239082902032,160921,1.000000,1
586,1790693239083295474,162131,1.000000,1
587,1790693239083696436,165491,1.000000,1
588,1790693239084094499,164151,1.000000,1
589,1790693239084487711,164031,1.000000,1
590,1790693239084901954,163250,1.000000,1
591,1790693239085288196,161290,1.000000,1
592,1790693239085686828,164030,1.000000,1
593,1790693239086084580,161330,1.000000,1
594,1790693239086505582,165971,1.000000,1
595,1790693239086902224,161952,1.000000,1
596,1790693239087301647,158331,1.000000,1
597,1790693239087706939,162931,1.000000,1
598,1790693239088105601,159791,1.000000,1
599,1790693239088506313,167741,1.000000,1
600,1790693239088919355,165061,1.000000,1
601,1790693239089314707,158921,1.000000,1
602,1790693239089719449,163721,1.000000,1
603,1790693239090117812,161581,1.000000,1
604,1790693239090514784,163111,1.000000,1
605,1790693239090915746,161801,1.000000,1
606,1790693239091311338,162211,1.000000,1
607,1790693239091718991,166830,1.000000,1
608,1790693239092122433,162950,1.000000,1
609,1790693239092549415,163111,1.000000,1
610,1790693239092983698,160771,1.000000,1
611,1790693239093406410,161241,1.000000,1
612,1790693239093805912,161851,1.000000,1
613,1790693239094195054,165111,1.000000,1
614,1790693239094588786,161061,1.000000,1
615,1790693239094992388,163771,1.000000,1
616,1790693239095391900,160451,1.000000,1
617,1790693239095791622,163131,1.000000,1
618,1790693239096177745,159441,1.000000,1
619,1790693239096571767,161231,1.000000,1
620,1790693239096972319,159961,1.000000,1
621,1790693239097403562,160560,1.000000,1
622,1790693239097807664,164421,1.000000,1
623,1790693239098201486,162281,1.000000,1
624,1790693239098655638,184961,1.000000,1
625,1790693239099069091,165781,1.000000,1
626,1790693239099491913,168331,1.000000,1
627,1790693239099885295,164431,1.000000,1
628,1790693239100289097,160841,1.000000,1
629,1790693239100686670,163670,1.000000,1
630,1790693239101084842,163060,1.000000,1
631,1790693239101487804,165980,1.000000,1
632,1790693239101889216,165362,1.000000,1
633,1790693239102286959,160021,1.000000,1
634,1790693239102687061,163911,1.000000,1
635,1790693239103082973,162661,1.000000,1
636,1790693239103493535,164961,1.000000,1
637,1790693239103921777,162071,1.000000,1
638,1790693239104352039,159931,1.000000,1
639,1790693239104789642,167370,1.000000,1
640,1790693239105198285,168470,1.000000,1
641,1790693239105605697,167511,1.000000,1
642,1790693239106038859,160601,1.000000,1
643,1790693239106434641,166871,1.000000,1
644,1790693239106841093,163041,1.000000,1
645,1790693239107236935,159771,1.000000,1
646,1790693239107642797,167741,1.000000,1
647,1790693239108077611,161210,1.000000,1
648,1790693239108475643,171871,1.000000,1
649,1790693239108878195,161931,1.000000,1
650,1790693239109307167,159171,1.000000,1
651,1790693239109707149,172771,1.000000,1
652,1790693239110107651,162791,1.000000,1
653,1790693239110506673,163281,1.000000,1
654,1790693239110938276,162821,1.000000,1
655,1790693239111332839,159800,1.000000,1
656,1790693239111736911,163440,1.000000,1
657,1790693239112142943,161341,1.000000,1
658,1790693239112571575,164641,1.000000,1
659,1790693239112972257,162221,1.000000,1
660,1790693239113379689,160551,1.000000,1
661,1790693239113782851,171301,1.000000,1
662,1790693239114199484,163261,1.000000,1
663,1790693239114591326,163861,1.000000,1
664,1790693239114988238,163571,1.000000,1
665,1790693239115382100,165181,1.000000,1
666,1790693239115782322,164861,1.000000,1
667,1790693239116168844,162281,1.000000,1
668,1790693239116566866,162831,1.000000,1
669,1790693239116992930,162250,1.000000,1
670,1790693239117392182,160410,1.000000,1
671,1790693239117797424,169091,1.000000,1
672,1790693239118198966,166501,1.000000,1
673,1790693239118614078,175791,1.000000,1
674,1790693239119038060,162951,1.000000,1
675,1790693239119437952,165361,1.000000,1
676,1790693239119842454,161762,1.000000,1
677,1790693239120238307,161651,1.000000,1
678,1790693239120641679,164161,1.000000,1
679,1790693239121036861,164761,1.000000,1
680,1790693239121436883,158161,1.000000,1
681,1790693239121843785,163391,1.000000,1
682,1790693239122282048,162500,1.000000,1
683,1790693239122679170,164371,1.000000,1
684,1790693239123111233,160181,1.000000,1
685,1790693239123542205,165661,1.000000,1
686,1790693239123941597,161741,1.000000,1
687,1790693239124343319,161121,1.000000,1
688,1790693239124749051,167091,1.000000,1
689,1790693239125149873,163401,1.000000,1
690,1790693239125581506,164320,1.000000,1
691,1790693239125981228,160741,1.000000,1
692,1790693239126382491,160361,1.000000,1
693,1790693239126793283,164451,1.000000,1
694,1790693239127178775,160401,1.000000,1
695,1790693239127577637,161901,1.000000,1
696,1790693239127978809,160361,1.000000,1
697,1790693239128408391,159211,1.000000,1
698,1790693239128811603,167061,1.000000,1
699,1790693239129232666,161251,1.000000,1
700,1790693239129657888,164771,1.000000,1
701,1790693239130058261,159890,1.000000,1
702,1790693239130450213,169520,1.000000,1
703,1790693239130853555,164240,1.000000,1
704,1790693239131291977,162321,1.000000,1
705,1790693239131693599,164891,1.000000,1
706,1790693239132118942,165161,1.000000,1
707,1790693239132521544,165061,1.000000,1
708,1790693239132929816,161351,1.000000,1
709,1790693239133331608,158551,1.000000,1
710,1790693239133762631,165340,1.000000,1
711,1790693239134157053,160210,1.000000,1
712,1790693239134556365,160580,1.000000,1
713,1790693239134989848,162161,1.000000,1
714,1790693239135415210,160841,1.000000,1
715,1790693239135817372,162781,1.000000,1
716,1790693239136209734,160271,1.000000,1
717,1790693239136615006,166681,1.000000,1
718,1790693239137040278,160771,1.000000,1
719,1790693239137433840,159591,1.000000,1
720,1790693239137839802,164422,1.000000,1
721,1790693239138239925,163101,1.000000,1
722,1790693239138644608,168230,1.000000,1
723,1790693239139054580,168841,1.000000,1
724,1790693239139461472,168081,1.000000,1
725,1790693239139864524,160421,1.000000,1
726,1790693239140264146,160981,1.000000,1
727,1790693239140664388,162691,1.000000,1
728,1790693239141066521,164501,1.000000,1
729,1790693239141504014,165820,1.000000,1
730,1790693239141905866,162311,1.000000,1
731,1790693239142304588,164971,1.000000,1
732,1790693239142707740,163631,1.000000,1
733,1790693239143101822,159901,1.000000,1
734,1790693239143505004,164031,1.000000,1
735,1790693239143903976,162762,1.000000,1
736,1790693239144307879,164291,1.000000,1
737,1790693239144706741,163591,1.000000,1
738,1790693239145112043,159951,1.000000,1
739,1790693239145532075,168211,1.000000,1
740,1790693239145930877,162701,1.000000,1
741,1790693239146326679,166291,1.000000,1
742,1790693239146759692,164030,1.000000,1
743,1790693239147148295,160480,1.000000,1
744,1790693239147571477,161661,1.000000,1
745,1790693239147965319,160511,1.000000,1
746,1790693239148356491,158631,1.000000,1
747,1790693239148747843,164451,1.000000,1
748,1790693239149142735,158211,1.000000,1
749,1790693239149537037,161071,1.000000,1
750,1790693239149937889,162192,1.000000,1
751,1790693239150336362,159461,1.000000,1
752,1790693239150787084,167731,1.000000,1
753,1790693239151176926,158321,1.000000,1
754,1790693239151578028,162451,1.000000,1
755,1790693239151981100,162001,1.000000,1
756,1790693239152385062,162881,1.000000,1
757,1790693239152799315,166460,1.000000,1
758,1790693239153216828,162201,1.000000,1
759,1790693239153650040,165141,1.000000,1
760,1790693239154058582,161381,1.000000,1
761,1790693239154454644,166611,1.000000,1
762,1790693239154854866,164501,1.000000,1
763,1790693239155292768,161971,1.000000,1
764,1790693239155733701,165560,1.000000,1
765,1790693239156131334,161100,1.000000,1
766,1790693239156525656,163410,1.000000,1
767,1790693239156925328,163781,1.000000,1
768,1790693239157356850,161001,1.000000,1
769,1790693239157788302,164591,1.000000,1
770,1790693239158206104,159071,1.000000,1
771,1790693239158637346,165011,1.000000,1
772,1790693239159048000,160220,1.000000,1
773,1790693239159451192,162990,1.000000,1
774,1790693239159879344,156481,1.000000,1
775,1790693239160284926,157111,1.000000,1
776,1790693239160692588,157291,1.000000,1
777,1790693239161083490,157071,1.000000,1
778,1790693239161492902,156571,1.000000,1
779,1790693239161898824,164852,1.000000,1
780,1790693239162301647,159671,1.000000,1
781,1790693239162705979,162391,1.000000,1
782,1790693239163136202,160750,1.000000,1
783,1790693239163536894,166070,1.000000,1
784,1790693239163942156,164571,1.000000,1
785,1790693239164341588,162271,1.000000,1
786,1790693239164746730,162271,1.000000,1
787,1790693239165157283,160901,1.000000,1
788,1790693239165566035,160791,1.000000,1
789,1790693239166006987,160381,1.000000,1
790,1790693239166401639,158251,1.000000,1
791,1790693239166806081,164351,1.000000,1
792,1790693239167231104,161121,1.000000,1
793,1790693239167642986,163991,1.000000,1
794,1790693239168075949,160011,1.000000,1
795,1790693239168471701,166011,1.000000,1
796,1790693239168878413,161661,1.000000,1
797,1790693239169281855,158221,1.000000,1
798,1790693239169679138,162370,1.000000,1
799,1790693239170072590,157570,1.000000,1
800,1790693239170469932,171461,1.000000,1
801,1790693239170869854,156681,1.000000,1
802,1790693239171303887,154881,1.000000,1
803,1790693239171710449,157661,1.000000,1
804,1790693239172144041,156761,1.000000,1
805,1790693239172539413,161011,1.000000,1
806,1790693239172939105,156261,1.000000,1
807,1790693239173339447,154781,1.000000,1
808,1790693239173742309,176551,1.000000,1
809,1790693239174150092,161731,1.000000,1
810,1790693239174548035,167570,1.000000,1
811,1790693239174951267,161420,1.000000,1
812,1790693239175348359,158360,1.000000,1
813,1790693239175746941,169771,1.000000,1
814,1790693239176149553,163561,1.000000,1
815,1790693239176578545,164001,1.000000,1
816,1790693239177017148,168521,1.000000,1
817,1790693239177413740,159631,1.000000,1
818,1790693239177823582,166111,1.000000,1
819,1790693239178258935,159950,1.000000,1
820,1790693239178660867,161420,1.000000,1
821,1790693239179092199,161211,1.000000,1
822,1790693239179490641,161751,1.000000,1
823,1790693239179892193,162972,1.000000,1
824,1790693239180293146,159911,1.000000,1
825,1790693239180699648,162021,1.000000,1
826,1790693239181126300,158901,1.000000,1
827,1790693239181554132,162171,1.000000,1
828,1790693239181964155,160380,1.000000,1
829,1790693239182358147,158100,1.000000,1
830,1790693239182756839,160120,1.000000,1
831,1790693239183181782,158581,1.000000,1
832,1790693239183584124,169661,1.000000,1
833,1790693239183985046,160121,1.000000,1
834,1790693239184410498,160911,1.000000,1
835,1790693239184812390,165031,1.000000,1
836,1790693239185207792,159461,1.000000,1
837,1790693239185616694,168441,1.000000,1
838,1790693239186036067,161901,1.000000,1
839,1790693239186431089,160701,1.000000,1
840,1790693239186839812,163020,1.000000,1
841,1790693239187271054,163861,1.000000,1
842,1790693239187673796,162511,1.000000,1
843,1790693239188070958,164951,1.000000,1
844,1790693239188468670,169101,1.000000,1
845,1790693239188869182,162382,1.000000,1
846,1790693239189268115,161791,1.000000,1
847,1790693239189662617,162621,1.000000,1
848,1790693239190072079,163861,1.000000,1
849,1790693239190482461,165931,1.000000,1
850,1790693239190878383,161401,1.000000,1
851,1790693239191271515,157171,1.000000,1
852,1790693239191667507,161411,1.000000,1
853,1790693239192059750,161071,1.000000,1
854,1790693239192449032,164211,1.000000,1
855,1790693239192851424,163721,1.000000,1
856,1790693239193248166,159801,1.000000,1
857,1790693239193649808,165611,1.000000,1
858,1790693239194052151,162060,1.000000,1
859,1790693239194442043,160800,1.000000,1
860,1790693239194845315,162412,1.000000,1
861,1790693239195235698,158931,1.000000,1
862,1790693239195635680,164001,1.000000,1
863,1790693239196047242,161051,1.000000,1
864,1790693239196471734,173611,1.000000,1
865,1790693239196915007,165580,1.000000,1
866,1790693239197324559,159281,1.000000,1
867,1790693239197728621,173391,1.000000,1
868,1790693239198125264,160131,1.000000,1
869,1790693239198514196,168781,1.000000,1
870,1790693239198919918,164971,1.000000,1
871,1790693239199313540,166171,1.000000,1
872,1790693239199744882,160921,1.000000,1
873,1790693239200137974,162801,1.000000,1
874,1790693239200530026,164501,1.000000,1
875,1790693239200931608,162062,1.000000,1
876,1790693239201332941,159051,1.000000,1
877,1790693239201732423,171691,1.000000,1
878,1790693239202142125,159961,1.000000,1
879,1790693239202572998,163451,1.000000,1
880,1790693239202978100,166631,1.000000,1
881,1790693239203399312,160201,1.000000,1
882,1790693239203798504,165171,1.000000,1
883,1790693239204189607,157561,1.000000,1
884,1790693239204616669,169551,1.000000,1
885,1790693239205037841,158491,1.000000,1
886,1790693239205430523,157391,1.000000,1
887,1790693239205831375,163911,1.000000,1
888,1790693239206227167,161391,1.000000,1
889,1790693239206632029,164371,1.000000,1
890,1790693239207064573,161791,1.000000,1
891,1790693239207457875,166281,1.000000,1
892,1790693239207867787,161431,1.000000,1
893,1790693239208270059,159951,1.000000,1
894,1790693239208698621,162901,1.000000,1
895,1790693239209092883,165611,1.000000,1
896,1790693239209499225,166021,1.000000,1
897,1790693239209928287,162952,1.000000,1
898,1790693239210319650,165001,1.000000,1
899,1790693239210723042,164021,1.000000,1
900,1790693239211120864,160361,1.000000,1
901,1790693239211521797,161470,1.000000,1
902,1790693239211919479,162560,1.000000,1
903,1790693239212348491,159951,1.000000,1
904,1790693239212748853,169021,1.000000,1
905,1790693239213143006,160341,1.000000,1
906,1790693239213537398,166041,1.000000,1
907,1790693239213935370,160971,1.000000,1
908,1790693239214332852,158971,1.000000,1
909,1790693239214763764,161731,1.000000,1
910,1790693239215165576,159151,1.000000,1
911,1790693239215560598,162741,1.000000,1
912,1790693239215976050,167242,1.000000,1
913,1790693239216392124,159580,1.000000,1
914,1790693239216827686,167131,1.000000,1
915,1790693239217220178,159371,1.000000,1
916,1790693239217630680,168021,1.000000,1
917,1790693239218062652,162861,1.000000,1
918,1790693239218450974,165971,1.000000,1
919,1790693239218851846,165022,1.000000,1
920,1790693239219285619,159591,1.000000,1
921,1790693239219688041,162131,1.000000,1
922,1790693239220082353,163531,1.000000,1
923,1790693239220481745,162951,1.000000,1
924,1790693239220916708,160301,1.000000,1
925,1790693239221313370,157461,1.000000,1
926,1790693239221714182,164791,1.000000,1
927,1790693239222125645,163131,1.000000,1
928,1790693239222530557,167871,1.000000,1
929,1790693239222954169,161101,1.000000,1
930,1790693239223384161,161961,1.000000,1
931,1790693239223787603,165431,1.000000,1
932,1790693239224180085,160201,1.000000,1
933,1790693239224578487,161171,1.000000,1
934,1790693239224981000,165831,1.000000,1
935,1790693239225378643,160630,1.000000,1
936,1790693239225776455,175751,1.000000,1
937,1790693239226169537,163521,1.000000,1
938,1790693239226567629,164971,1.000000,1
939,1790693239226997651,160791,1.000000,1
940,1790693239227394803,160581,1.000000,1
941,1790693239227798775,163381,1.000000,1
942,1790693239228195398,158881,1.000000,1
943,1790693239228630471,168050,1.000000,1
944,1790693239229035313,171931,1.000000,1
945,1790693239229459155,166981,1.000000,1
946,1790693239229857367,161361,1.000000,1
947,1790693239230245699,158511,1.000000,1
948,1790693239230645271,163891,1.000000,1
949,1790693239231033584,157871,1.000000,1
950,1790693239231423136,158011,1.000000,1
951,1790693239231823188,160441,1.000000,1
952,1790693239232211810,157721,1.000000,1
953,1790693239232615642,172081,1.000000,1
954,1790693239233038494,156591,1.000000,1
955,1790693239233427036,157611,1.000000,1
956,1790693239233832858,158851,1.000000,1
957,1790693239234212311,156231,1.000000,1
958,1790693239234606073,158451,1.000000,1
959,1790693239234998245,155651,1.000000,1
960,1790693239235401907,158161,1.000000,1
961,1790693239235825860,161000,1.000000,1
962,1790693239236212982,155220,1.000000,1
963,1790693239236610444,157720,1.000000,1
964,1790693239237042917,160331,1.000000,1
965,1790693239237437949,158571,1.000000,1
966,1790693239237831951,161901,1.000000,1
967,1790693239238227373,159261,1.000000,1
968,1790693239238658025,160971,1.000000,1
969,1790693239239077137,160481,1.000000,1
970,1790693239239480379,168981,1.000000,1
971,1790693239239873921,160512,1.000000,1
972,1790693239240269744,157821,1.000000,1
973,1790693239240670046,163471,1.000000,1
974,1790693239241071958,162891,1.000000,1
975,1790693239241472531,166370,1.000000,1
976,1790693239241909123,165661,1.000000,1
977,1790693239242323125,162291,1.000000,1
978,1790693239242735737,163361,1.000000,1
979,1790693239243132920,166611,1.000000,1
980,1790693239243537672,162801,1.000000,1
981,1790693239243941324,159361,1.000000,1
982,1790693239244341426,156761,1.000000,1
983,1790693239244753068,170801,1.000000,1
984,1790693239245203491,162020,1.000000,1
985,1790693239245620043,167901,1.000000,1
986,1790693239246049656,164611,1.000000,1
987,1790693239246444898,162381,1.000000,1
988,1790693239246850470,158131,1.000000,1
989,1790693239247250662,159881,1.000000,1
990,1790693239247655114,162701,1.000000,1
991,1790693239248056716,160931,1.000000,1
992,1790693239248457908,168181,1.000000,1
993,1790693239248855230,161962,1.000000,1
994,1790693239249269894,158350,1.000000,1
995,1790693239249666886,161030,1.000000,1
996,1790693239250069628,160350,1.000000,1
997,1790693239250467060,170391,1.000000,1
998,1790693239250870872,158471,1.000000,1
999,1790693239251298634,158311,1.000000,1
1000,1790693239251698406,163211,1.000000,1
1001,1790693239252094689,159921,1.000000,1
1002,1790693239252494811,164481,1.000000,1
1003,1790693239252907633,161111,1.000000,1
1004,1790693239253328965,160701,1.000000,1
1005,1790693239253727647,162311,1.000000,1
1006,1790693239254126309,160041,1.000000,1
1007,1790693239254529512,163740,1.000000,1
1008,1790693239254933084,161012,1.000000,1
1009,1790693239255335147,158241,1.000000,1
1010,1790693239255740879,165801,1.000000,1
1011,1790693239256145641,159551,1.000000,1
1012,1790693239256551933,164291,1.000000,1
1013,1790693239256955475,159831,1.000000,1
1014,1790693239257381438,158570,1.000000,1
1015,1790693239257789190,212022,1.000000,1
1016,1790693239258200413,182821,1.000000,1
1017,1790693239258594245,173681,1.000000,1
1018,1790693239258981377,166131,1.000000,1
1019,1790693239259404759,164471,1.000000,1
1020,1790693239259815651,162741,1.000000,1
1021,1790693239260206363,159761,1.000000,1
1022,1790693239260605855,164191,1.000000,1
1023,1790693239261001398,160751,1.000000,1
1024,1790693239261398920,158671,1.000000,1
1025,1790693239261795662,164981,1.000000,1
1026,1790693239262219414,159251,1.000000,1
1027,1790693239262627776,171871,1.000000,1
1028,1790693239263046239,160660,1.000000,1
1029,1790693239263461571,165831,1.000000,1
1030,1790693239263855983,161822,1.000000,1
1031,1790693239264248316,158721,1.000000,1
1032,1790693239264645128,168821,1.000000,1
1033,1790693239265038620,160911,1.000000,1
1034,1790693239265436932,158041,1.000000,1
1035,1790693239265836544,161901,1.000000,1
1036,1790693239266233706,160201,1.000000,1
1037,1790693239266635278,165081,1.000000,1
1038,1790693239267070981,158581,1.000000,1
1039,1790693239267468843,171791,1.000000,1
1040,1790693239267875715,163001,1.000000,1
1041,1790693239268278817,160911,1.000000,1
1042,1790693239268680429,161701,1.000000,1
1043,1790693239269075272,164700,1.000000,1
1044,1790693239269516594,164761,1.000000,1
1045,1790693239269942096,162682,1.000000,1
1046,1790693239270338639,159301,1.000000,1
1047,1790693239270735891,163481,1.000000,1
1048,1790693239271134913,163091,1.000000,1
1049,1790693239271531125,161821,1.000000,1
1050,1790693239271926407,160781,1.000000,1
1051,1790693239272323809,159621,1.000000,1
1052,1790693239272725481,166891,1.000000,1
1053,1790693239273121774,161681,1.000000,1
1054,1790693239273517416,166451,1.000000,1
1055,1790693239273914488,164201,1.000000,1
1056,1790693239274309330,163501,1.000000,1
1057,1790693239274706472,163671,1.000000,1
1058,1790693239275100784,162351,1.000000,1
1059,1790693239275521797,164760,1.000000,1
1060,1790693239275924579,158741,1.000000,1
1061,1790693239276314432,157030,1.000000,1
1062,1790693239276709834,165230,1.000000,1
1063,1790693239277102176,159840,1.000000,1
1064,1790693239277530438,161961,1.000000,1
1065,1790693239277963210,164371,1.000000,1
1066,1790693239278347592,160351,1.000000,1
1067,1790693239278742484,161551,1.000000,1
1068,1790693239279136317,164871,1.000000,1
1069,1790693239279532219,164711,1.000000,1
1070,1790693239279959371,160911,1.000000,1
1071,1790693239280346663,160971,1.000000,1
1072,1790693239280744415,241692,1.000000,1
1073,1790693239281133157,158701,1.000000,1
1074,1790693239281558570,161550,1.000000,1
1075,1790693239281951592,161831,1.000000,1
1076,1790693239282345225,157720,1.000000,1
1077,1790693239282742307,162891,1.000000,1
1078,1790693239283132229,160591,1.000000,1
1079,1790693239283523051,160761,1.000000,1
1080,1790693239283920213,162171,1.000000,1
1081,1790693239284306155,160701,1.000000,1
1082,1790693239284704077,164791,1.000000,1
1083,1790693239285096630,161251,1.000000,1
1084,1790693239285500882,161121,1.000000,1
1085,1790693239285913054,162401,1.000000,1
1086,1790693239286288546,159631,1.000000,1
1087,1790693239286680268,172451,1.000000,1
1088,1790693239287076860,162951,1.000000,1
1089,1790693239287496222,163381,1.000000,1
1090,1790693239287890804,159262,1.000000,1
1091,1790693239288290127,158351,1.000000,1
1092,1790693239288684780,164800,1.000000,1
1093,1790693239289077012,159910,1.000000,1
1094,1790693239289484454,170120,1.000000,1
1095,1790693239289889586,167941,1.000000,1
1096,1790693239290314598,166111,1.000000,1
1097,1790693239290713890,162181,1.000000,1
1098,1790693239291110443,162101,1.000000,1
1099,1790693239291506685,161781,1.000000,1
1100,1790693239291911527,160511,1.000000,1
1101,1790693239292302439,163561,1.000000,1
1102,1790693239292738631,172891,1.000000,1
1103,1790693239293154753,161101,1.000000,1
1104,1790693239293585816,164720,1.000000,1
1105,1790693239293981778,161721,1.000000,1
1106,1790693239294380021,159941,1.000000,1
1107,1790693239294777213,170881,1.000000,1
1108,1790693239295173825,156831,1.000000,1
1109,1790693239295571937,165551,1.000000,1
1110,1790693239295966809,163111,1.000000,1
1111,1790693239296368091,161731,1.000000,1
1112,1790693239296777993,169971,1.000000,1
1113,1790693239297174176,161871,1.000000,1
1114,1790693239297574758,164731,1.000000,1
1115,1790693239297974820,162241,1.000000,1
1116,1790693239298373372,162641,1.000000,1
1117,1790693239298773914,167751,1.000000,1
1118,1790693239299210646,161481,1.000000,1
1119,1790693239299654409,168141,1.000000,1
1120,1790693239300086842,164131,1.000000,1
1121,1790693239300510894,164861,1.000000,1
1122,1790693239300920876,160781,1.000000,1
1123,1790693239301312428,158131,1.000000,1
1124,1790693239301713690,165521,1.000000,1
1125,1790693239302109032,174311,1.000000,1
1126,1790693239302509934,164161,1.000000,1
1127,1790693239302912096,160732,1.000000,1
1128,1790693239303316190,159170,1.000000,1
1129,1790693239303716902,163670,1.000000,1
1130,1790693239304113534,162020,1.000000,1
1131,1790693239304509816,162240,1.000000,1
1132,1790693239304919788,162721,1.000000,1
1133,1790693239305324860,158011,1.000000,1
1134,1790693239305760592,168151,1.000000,1
1135,1790693239306165105,164171,1.000000,1
1136,1790693239306597817,167601,1.000000,1
1137,1790693239306995149,162641,1.000000,1
1138,1790693239307424992,159580,1.000000,1
1139,1790693239307826244,162030,1.000000,1
1140,1790693239308223016,159540,1.000000,1
1141,1790693239308627538,167661,1.000000,1
1142,1790693239309035261,160881,1.000000,1
1143,1790693239309429063,159261,1.000000,1
1144,1790693239309838075,164901,1.000000,1
1145,1790693239310237467,164041,1.000000,1
1146,1790693239310646619,165011,1.000000,1
1147,1790693239311071041,158521,1.000000,1
1148,1790693239311483893,165891,1.000000,1
1149,1790693239311921436,160881,1.000000,1
1150,1790693239312319129,161120,1.000000,1
1151,1790693239312727281,164311,1.000000,1
1152,1790693239313166383,164361,1.000000,1
1153,1790693239313567655,168241,1.000000,1
1154,1790693239313973627,163661,1.000000,1
1155,1790693239314371849,163231,1.000000,1
1156,1790693239314777181,167751,1.000000,1
1157,1790693239315174254,160461,1.000000,1
1158,1790693239315568897,164440,1.000000,1
1159,1790693239315969069,162480,1.000000,1
1160,1790693239316368981,160251,1.000000,1
1161,1790693239316764613,164041,1.000000,1
1162,1790693239317206865,158491,1.000000,1
1163,1790693239317622997,172911,1.000000,1
1164,1790693239318042250,157671,1.000000,1
1165,1790693239318434832,158731,1.000000,1
1166,1790693239318842865,160070,1.000000,1
1167,1790693239319242537,161950,1.000000,1
1168,1790693239319681659,158551,1.000000,1
1169,1790693239320107841,161481,1.000000,1
1170,1790693239320511263,159651,1.000000,1
1171,1790693239320917295,161862,1.000000,1
1172,1790693239321351648,154581,1.000000,1
1173,1790693239321752861,170110,1.000000,1
1174,1790693239322152933,161500,1.000000,1
1175,1790693239322552565,164440,1.000000,1
1176,1790693239322954927,161270,1.000000,1
1177,1790693239323350949,161271,1.000000,1
1178,1790693239323758201,167101,1.000000,1
1179,1790693239324185504,159541,1.000000,1
1180,1790693239324587356,161811,1.000000,1
1181,1790693239324986788,166781,1.000000,1
1182,1790693239325391150,162301,1.000000,1
1183,1790693239325803482,165921,1.000000,1
1184,1790693239326235724,162761,1.000000,1
1185,1790693239326642287,169730,1.000000,1
1186,1790693239327084750,164191,1.000000,1
1187,1790693239327485882,170081,1.000000,1
1188,1790693239327894774,162801,1.000000,1
1189,1790693239328303256,163891,1.000000,1
1190,1790693239328708598,165201,1.000000,1
1191,1790693239329105880,164631,1.000000,1
1192,1790693239329512192,164181,1.000000,1
1193,1790693239329919284,166362,1.000000,1
1194,1790693239330343698,160940,1.000000,1
1195,1790693239330748110,164030,1.000000,1
1196,1790693239331149922,162531,1.000000,1
1197,1790693239331562574,167081,1.000000,1
1198,1790693239331961446,163941,1.000000,1
1199,1790693239332367308,162431,1.000000,1
1200,1790693239332811180,173061,1.000000,1
1201,1790693239333215003,161341,1.000000,1
1202,1790693239333623405,168081,1.000000,1
1203,1790693239334051408,163910,1.000000,1
1204,1790693239334449840,163150,1.000000,1
1205,1790693239334854622,162780,1.000000,1
1206,1790693239335251294,159371,1.000000,1
1207,1790693239335656806,164361,1.000000,1
1208,1790693239336066049,164251,1.000000,1
1209,1790693239336487681,168961,1.000000,1
1210,1790693239336891003,164421,1.000000,1
1211,1790693239337290765,161151,1.000000,1
1212,1790693239337713577,169591,1.000000,1
1213,1790693239338111169,162161,1.000000,1
1214,1790693239338511221,163031,1.000000,1
1215,1790693239338914863,163152,1.000000,1
1216,1790693239339342957,160720,1.000000,1
1217,1790693239339747129,163231,1.000000,1
1218,1790693239340148561,158291,1.000000,1
1219,1790693239340549383,163451,1.000000,1
1220,1790693239340953715,161471,1.000000,1
1221,1790693239341349057,160451,1.000000,1
1222,1790693239341747519,170581,1.000000,1
1223,1790693239342176782,160021,1.000000,1
1224,1790693239342609224,169631,1.000000,1
1225,1790693239343033047,162021,1.000000,1
1226,1790693239343432909,159541,1.000000,1
1227,1790693239343828531,163221,1.000000,1
1228,1790693239344225743,161971,1.000000,1
1229,1790693239344636645,164721,1.000000,1
1230,1790693239345031168,159151,1.000000,1
1231,1790693239345427900,155721,1.000000,1
1232,1790693239345834842,162851,1.000000,1
1233,1790693239346223744,160681,1.000000,1
1234,1790693239346624016,166071,1.000000,1
1235,1790693239347048919,177831,1.000000,1
1236,1790693239347451471,165801,1.000000,1
1237,1790693239347851093,160342,1.000000,1
1238,1790693239348245996,162001,1.000000,1
1239,1790693239348680898,162651,1.000000,1
1240,1790693239349082230,159141,1.000000,1
1241,1790693239349482912,164721,1.000000,1
1242,1790693239349883664,157991,1.000000,1
1243,1790693239350268276,153631,1.000000,1
1244,1790693239350674988,160491,1.000000,1
1245,1790693239351071861,155931,1.000000,1
1246,1790693239351472353,160921,1.000000,1
1247,1790693239351876735,157541,1.000000,1
1248,1790693239352287748,158540,1.000000,1
1249,1790693239352714140,158351,1.000000,1
1250,1790693239353117942,153881,1.000000,1
1251,1790693239353542264,155021,1.000000,1
1252,1790693239353953896,160572,1.000000,1
1253,1790693239354382119,165101,1.000000,1
1254,1790693239354813761,161961,1.000000,1
1255,1790693239355201293,158271,1.000000,1
1256,1790693239355603256,164320,1.000000,1
1257,1790693239356034368,166341,1.000000,1
1258,1790693239356429440,160311,1.000000,1
1259,1790693239356830072,163431,1.000000,1
1260,1790693239357225105,159211,1.000000,1
1261,1790693239357633857,166621,1.000000,1
1262,1790693239358030559,164181,1.000000,1
1263,1790693239358432701,160201,1.000000,1
1264,1790693239358840503,164521,1.000000,1
1265,1790693239359230045,161011,1.000000,1
1266,1790693239359632397,174721,1.000000,1
1267,1790693239360030580,159201,1.000000,1
1268,1790693239360433862,159901,1.000000,1
1269,1790693239360867244,163501,1.000000,1
1270,1790693239361264767,159850,1.000000,1
1271,1790693239361682099,164811,1.000000,1
1272,1790693239362085331,161121,1.000000,1
1273,1790693239362483283,163381,1.000000,1
1274,1790693239362919665,162792,1.000000,1
1275,1790693239363314148,158801,1.000000,1
1276,1790693239363718230,162701,1.000000,1
1277,1790693239364110532,158451,1.000000,1
1278,1790693239364540994,164541,1.000000,1
1279,1790693239364945806,162691,1.000000,1
1280,1790693239365350018,164041,1.000000,1
1281,1790693239365742050,164761,1.000000,1
1282,1790693239366190764,161021,1.000000,1
1283,1790693239366616936,164301,1.000000,1
1284,1790693239367045538,161581,1.000000,1
1285,1790693239367433480,160831,1.000000,1
1286,1790693239367826132,162171,1.000000,1
1287,1790693239368211834,159951,1.000000,1
1288,1790693239368602306,162461,1.000000,1
1289,1790693239368995218,161922,1.000000,1
1290,1790693239369390841,162251,1.000000,1
1291,1790693239369794333,165081,1.000000,1
1292,1790693239370187335,160641,1.000000,1
1293,1790693239370585527,162011,1.000000,1
1294,1790693239370981959,165581,1.000000,1
1295,1790693239371388631,162061,1.000000,1
1296,1790693239371801024,166450,1.000000,1
1297,1790693239372194027,157110,1.000000,1
1298,1790693239372590399,164220,1.000000,1
1299,1790693239373026101,164571,1.000000,1
1300,1790693239373425483,161561,1.000000,1
1301,1790693239373826885,163401,1.000000,1
1302,1790693239374220637,157001,1.000000,1
1303,1790693239374628649,162901,1.000000,1
1304,1790693239375026462,157321,1.000000,1
1305,1790693239375423614,156171,1.000000,1
1306,1790693239375823996,159071,1.000000,1
1307,1790693239376221058,154091,1.000000,1
1308,1790693239376623921,164600,1.000000,1
1309,1790693239377022193,156340,1.000000,1
1310,1790693239377420085,159971,1.000000,1
1311,1790693239377817367,160111,1.000000,1
1312,1790693239378219410,160581,1.000000,1
1313,1790693239378625272,167751,1.000000,1
1314,1790693239379050594,161061,1.000000,1
1315,1790693239379444886,161501,1.000000,1
1316,1790693239379851438,157821,1.000000,1
1317,1790693239380250420,157981,1.000000,1
1318,1790693239380654072,163541,1.000000,1
1319,1790693239381085836,157920,1.000000,1
1320,1790693239381486278,167031,1.000000,1
1321,1790693239381894490,158661,1.000000,1
1322,1790693239382290772,157691,1.000000,1
1323,1790693239382689264,166741,1.000000,1
1324,1790693239383100806,161241,1.000000,1
1325,1790693239383527828,163541,1.000000,1
1326,1790693239383925500,161402,1.000000,1
1327,1790693239384322953,159641,1.000000,1
1328,1790693239384731385,178501,1.000000,1
1329,1790693239385160997,160941,1.000000,1
1330,1790693239385564870,163130,1.000000,1
1331,1790693239385966932,162380,1.000000,1
1332,1790693239386365574,162270,1.000000,1
1333,1790693239386761996,162061,1.000000,1
1334,1790693239387154889,161011,1.000000,1
1335,1790693239387553941,162051,1.000000,1
1336,1790693239387953943,161461,1.000000,1
1337,1790693239388350125,157971,1.000000,1
1338,1790693239388751657,162741,1.000000,1
1339,1790693239389147409,159481,1.000000,1
1340,1790693239389565221,163141,1.000000,1
1341,1790693239389965273,160792,1.000000,1
1342,1790693239390361156,164091,1.000000,1
1343,1790693239390764038,160831,1.000000,1
1344,1790693239391199450,162211,1.000000,1
1345,1790693239391596602,163761,1.000000,1
1346,1790693239392001745,161230,1.000000,1
1347,1790693239392404777,158080,1.000000,1
1348,1790693239392812519,164451,1.000000,1
1349,1790693239393215102,157801,1.000000,1
1350,1790693239393626724,168171,1.000000,1
1351,1790693239394050806,159851,1.000000,1
1352,1790693239394457698,175701,1.000000,1
1353,1790693239394890990,164291,1.000000,1
1354,1790693239395323753,160180,1.000000,1
1355,1790693239395723445,160570,1.000000,1
1356,1790693239396129298,167631,1.000000,1
1357,1790693239396523780,161991,1.000000,1
1358,1790693239396936712,161861,1.000000,1
1359,1790693239397363394,158921,1.000000,1
1360,1790693239397767856,166091,1.000000,1
1361,1790693239398165698,159311,1.000000,1
1362,1790693239398562460,160551,1.000000,1
1363,1790693239398996752,161432,1.000000,1
1364,1790693239399397655,158531,1.000000,1
1365,1790693239399802018,168800,1.000000,1
1366,1790693239400195650,160460,1.000000,1
1367,1790693239400594232,161280,1.000000,1
1368,1790693239400997164,161790,1.000000,1
1369,1790693239401395156,161621,1.000000,1
1370,1790693239401797838,163931,1.000000,1
1371,1790693239402187011,159381,1.000000,1
1372,1790693239402589893,159871,1.000000,1
1373,1790693239402998965,161001,1.000000,1
1374,1790693239403428817,159481,1.000000,1
1375,1790693239403862560,161990,1.000000,1
1376,1790693239404292552,162881,1.000000,1
1377,1790693239404693694,161101,1.000000,1
1378,1790693239405089077,158361,1.000000,1
1379,1790693239405492509,165911,1.000000,1
1380,1790693239405902611,159261,1.000000,1
1381,1790693239406304813,164411,1.000000,1
1382,1790693239406709185,163981,1.000000,1
1383,1790693239407108857,159061,1.000000,1
1384,1790693239407509490,161970,1.000000,1
1385,1790693239407906552,159811,1.000000,1
1386,1790693239408299025,157390,1.000000,1
1387,1790693239408700117,159670,1.000000,1
1388,1790693239409109669,160101,1.000000,1
1389,1790693239409536501,163801,1.000000,1
1390,1790693239409953713,164721,1.000000,1
1391,1790693239410376645,157771,1.000000,1
1392,1790693239410790767,169621,1.000000,1
1393,1790693239411183450,156941,1.000000,1
1394,1790693239411589192,161401,1.000000,1
1395,1790693239412021485,159120,1.000000,1
1396,1790693239412426387,159801,1.000000,1
1397,1790693239412829619,161301,1.000000,1
1398,1790693239413243451,163751,1.000000,1
1399,1790693239413645503,168611,1.000000,1
1400,1790693239414083306,160611,1.000000,1
1401,1790693239414477218,168121,1.000000,1
1402,1790693239414879230,160381,1.000000,1
1403,1790693239415287112,156971,1.000000,1
1404,1790693239415733145,159760,1.000000,1
1405,1790693239416161847,161891,1.000000,1
1406,1790693239416570159,165961,1.000000,1
1407,1790693239417000751,161842,1.000000,1
1408,1790693239417409084,165611,1.000000,1
1409,1790693239417819116,163631,1.000000,1
1410,1790693239418252959,160450,1.000000,1
1411,1790693239418656401,164110,1.000000,1
1412,1790693239419058483,159961,1.000000,1
1413,1790693239419456645,167991,1.000000,1
1414,1790693239419857217,160601,1.000000,1
1415,1790693239420295510,159211,1.000000,1
1416,1790693239420698482,159701,1.000000,1
1417,1790693239421096674,161651,1.000000,1
1418,1790693239421494786,164801,1.000000,1
1419,1790693239421927218,161151,1.000000,1
1420,1790693239422328970,159661,1.000000,1
1421,1790693239422727293,160520,1.000000,1
1422,1790693239423138806,164430,1.000000,1
1423,1790693239423565168,160871,1.000000,1
1424,1790693239423970910,162911,1.000000,1
1425,1790693239424368432,160261,1.000000,1
1426,1790693239424772954,167551,1.000000,1
1427,1790693239425210306,157741,1.000000,1
1428,1790693239425610748,162121,1.000000,1
1429,1790693239426040381,160220,1.000000,1
1430,1790693239426436544,158590,1.000000,1
1431,1790693239426846126,165800,1.000000,1
1432,1790693239427243948,158460,1.000000,1
1433,1790693239427651060,166421,1.000000,1
1434,1790693239428080462,158081,1.000000,1
1435,1790693239428475054,165721,1.000000,1
1436,1790693239428879106,164792,1.000000,1
1437,1790693239429281339,160611,1.000000,1
1438,1790693239429687841,164201,1.000000,1
1439,1790693239430118133,160021,1.000000,1
1440,1790693239430514055,164451,1.000000,1
1441,1790693239430911868,161840,1.000000,1
1442,1790693239431305000,158300,1.000000,1
1443,1790693239431703442,161051,1.000000,1
1444,1790693239432103245,161641,1.000000,1
1445,1790693239432499447,160291,1.000000,1
1446,1790693239432911269,166591,1.000000,1
1447,1790693239433329501,159481,1.000000,1
1448,1790693239433742453,162451,1.000000,1
1449,1790693239434169256,161500,1.000000,1
1450,1790693239434565228,159580,1.000000,1
1451,1790693239434969390,162402,1.000000,1
1452,1790693239435406663,160501,1.000000,1
1453,1790693239435840845,164471,1.000000,1
1454,1790693239436241717,162851,1.000000,1
1455,1790693239436672419,164631,1.000000,1
1456,1790693239437077602,159920,1.000000,1
1457,1790693239437468214,167710,1.000000,1
1458,1790693239437864916,166301,1.000000,1
1459,1790693239438261039,155230,1.000000,1
1460,1790693239438676051,159191,1.000000,1
1461,1790693239439109773,158511,1.000000,1
1462,1790693239439501245,159781,1.000000,1
1463,1790693239439902287,158201,1.000000,1
1464,1790693239440330839,159861,1.000000,1
1465,1790693239440732311,171351,1.000000,1
1466,1790693239441132384,161711,1.000000,1
1467,1790693239441535646,160991,1.000000,1
1468,1790693239441948958,159391,1.000000,1
1469,1790693239442343031,158950,1.000000,1
1470,1790693239442746503,162440,1.000000,1
1471,1790693239443175665,159661,1.000000,1
1472,1790693239443582907,164761,1.000000,1
1473,1790693239443977149,161522,1.000000,1
1474,1790693239444371522,158291,1.000000,1
1475,1790693239444772454,166001,1.000000,1
1476,1790693239445170886,157291,1.000000,1
1477,1790693239445568458,159281,1.000000,1
1478,1790693239446001160,161601,1.000000,1
1479,1790693239446423912,158721,1.000000,1
1480,1790693239446822714,159961,1.000000,1
1481,1790693239447220798,159860,1.000000,1
1482,1790693239447625340,164650,1.000000,1
1483,1790693239448027172,159600,1.000000,1
1484,1790693239448421484,159370,1.000000,1
1485,1790693239448828586,161291,1.000000,1
1486,1790693239449229788,156091,1.000000,1
1487,1790693239449632550,169251,1.000000,1
1488,1790693239450045903,164331,1.000000,1
1489,1790693239450424905,160401,1.000000,1
1490,1790693239450858407,160521,1.000000,1
1491,1790693239451249349,163031,1.000000,1
1492,1790693239451648411,164411,1.000000,1
1493,1790693239452046853,161251,1.000000,1
1494,1790693239452473035,165111,1.000000,1
1495,1790693239452914408,160622,1.000000,1
1496,1790693239453320201,156221,1.000000,1
1497,1790693239453725193,172441,1.000000,1
1498,1790693239454150885,159071,1.000000,1
1499,1790693239454542667,161601,1.000000,1
1500,1790693239454937769,159561,1.000000,1
1501,1790693239455326921,157201,1.000000,1
1502,1790693239455721833,160441,1.000000,1
1503,1790693239456117566,160311,1.000000,1
1504,1790693239456515148,167461,1.000000,1
1505,1790693239456922590,162071,1.000000,1
1506,1790693239457342862,157751,1.000000,1
1507,1790693239457736334,170931,1.000000,1
1508,1790693239458134536,160591,1.000000,1
1509,1790693239458551769,166620,1.000000,1
1510,1790693239458946131,158911,1.000000,1
1511,1790693239459333684,157830,1.000000,1
1512,1790693239459727386,159380,1.000000,1
1513,1790693239460117108,163940,1.000000,1
1514,1790693239460543250,164291,1.000000,1
1515,1790693239460951662,161671,1.000000,1
1516,1790693239461350834,158221,1.000000,1
1517,1790693239461743346,164081,1.000000,1
1518,1790693239462134859,158591,1.000000,1
1519,1790693239462525041,160401,1.000000,1
1520,1790693239462925663,161391,1.000000,1
1521,1790693239463354215,161031,1.000000,1
1522,1790693239463777808,166710,1.000000,1
1523,1790693239464169640,159901,1.000000,1
1524,1790693239464599792,159561,1.000000,1
1525,1790693239465023214,159382,1.000000,1
1526,1790693239465421947,161191,1.000000,1
1527,1790693239465823019,162901,1.000000,1
1528,1790693239466221451,158451,1.000000,1
1529,1790693239466650324,167890,1.000000,1
1530,1790693239467083276,158321,1.000000,1
1531,1790693239467479278,165701,1.000000,1
1532,1790693239467893760,160152,1.000000,1
1533,1790693239468289323,157161,1.000000,1
1534,1790693239468723615,161401,1.000000,1
1535,1790693239469118117,160741,1.000000,1
1536,1790693239469548799,161051,1.000000,1
1537,1790693239469942391,163591,1.000000,1
1538,1790693239470366644,155740,1.000000,1
1539,1790693239470798056,162101,1.000000,1
1540,1790693239471184049,157681,1.000000,1
1541,1790693239471574001,162241,1.000000,1
1542,1790693239471970953,158661,1.000000,1
1543,1790693239472359385,157661,1.000000,1
1544,1790693239472755607,167951,1.000000,1
1545,1790693239473148719,159521,1.000000,1
1546,1790693239473549131,164861,1.000000,1
1547,1790693239473957723,162712,1.000000,1
1548,1790693239474351546,159091,1.000000,1
1549,1790693239474764658,166221,1.000000,1
1550,1790693239475201680,161161,1.000000,1
1551,1790693239475603262,164451,1.000000,1
1552,1790693239476039295,159131,1.000000,1
1553,1790693239476437257,159021,1.000000,1
1554,1790693239476880999,163662,1.000000,1
1555,1790693239477297102,156811,1.000000,1
1556,1790693239477699834,160621,1.000000,1
1557,1790693239478098516,158281,1.000000,1
1558,1790693239478495728,162291,1.000000,1
1559,1790693239478895080,157971,1.000000,1
1560,1790693239479297902,157601,1.000000,1
1561,1790693239479699614,159331,1.000000,1
1562,1790693239480095728,158510,1.000000,1
1563,1790693239480492630,163580,1.000000,1
1564,1790693239480904562,162551,1.000000,1
1565,1790693239481291284,159360,1.000000,1
1566,1790693239481694006,158841,1.000000,1
1567,1790693239482090868,157991,1.000000,1
1568,1790693239482496750,201311,1.000000,1
1569,1790693239482950932,184472,1.000000,1
1570,1790693239483369475,182301,1.000000,1
1571,1790693239483803268,161640,1.000000,1
1572,1790693239484204840,160040,1.000000,1
1573,1790693239484641672,168381,1.000000,1
1574,1790693239485077454,160101,1.000000,1
1575,1790693239485474736,165151,1.000000,1
1576,1790693239485882838,159402,1.000000,1
1577,1790693239486291321,157821,1.000000,1
1578,1790693239486695713,164171,1.000000,1
1579,1790693239487101315,162711,1.000000,1
1580,1790693239487535528,162050,1.000000,1
1581,1790693239487937920,162261,1.000000,1
1582,1790693239488339232,157321,1.000000,1
1583,1790693239488751704,161161,1.000000,1
1584,1790693239489185987,161761,1.000000,1
1585,1790693239489587629,162011,1.000000,1
1586,1790693239489986791,159941,1.000000,1
1587,1790693239490387883,157371,1.000000,1
1588,1790693239490795965,161981,1.000000,1
1589,1790693239491188078,159150,1.000000,1
1590,1790693239491588370,162140,1.000000,1
1591,1790693239491983012,159352,1.000000,1
1592,1790693239492380695,157141,1.000000,1
1593,1790693239492781307,166881,1.000000,1
1594,1790693239493179759,157961,1.000000,1
1595,1790693239493579971,164241,1.000000,1
1596,1790693239494006963,159031,1.000000,1
1597,1790693239494409795,159921,1.000000,1
1598,1790693239494819577,159961,1.000000,1
1599,1790693239495243781,158370,1.000000,1
1600,1790693239495668163,163931,1.000000,1
1601,1790693239496084765,160601,1.000000,1
1602,1790693239496483087,166321,1.000000,1
1603,1790693239496884299,164901,1.000000,1
1604,1790693239497297581,156761,1.000000,1
1605,1790693239497698703,160291,1.000000,1
1606,1790693239498100276,159461,1.000000,1
1607,1790693239498495908,166061,1.000000,1
1608,1790693239498899500,163951,1.000000,1
1609,1790693239499327823,159390,1.000000,1
1610,1790693239499759745,164341,1.000000,1
1611,1790693239500154097,158741,1.000000,1
1612,1790693239500556939,163781,1.000000,1
1613,1790693239500968721,160382,1.000000,1
1614,1790693239501392904,157231,1.000000,1
1615,1790693239501801766,162981,1.000000,1
1616,1790693239502195428,158551,1.000000,1
1617,1790693239502602630,161491,1.000000,1
1618,1790693239502997302,159221,1.000000,1
1619,1790693239503391044,156211,1.000000,1
1620,1790693239503801337,161010,1.000000,1
1621,1790693239504189500,159160,1.000000,1
1622,1790693239504590342,164540,1.000000,1
1623,1790693239504992624,159830,1.000000,1
1624,1790693239505392326,156910,1.000000,1
1625,1790693239505800778,163691,1.000000,1
1626,1790693239506193520,161401,1.000000,1
1627,1790693239506597182,161531,1.000000,1
1628,1790693239507005004,158602,1.000000,1
1629,1790693239507438637,158671,1.000000,1
1630,1790693239507870259,161101,1.000000,1
1631,1790693239508301522,159200,1.000000,1
1632,1790693239508705714,165791,1.000000,1
1633,1790693239509106326,160811,1.000000,1
1634,1790693239509508448,161311,1.000000,1
1635,1790693239509916400,161982,1.000000,1
1636,1790693239510316973,163371,1.000000,1
1637,1790693239510716595,167401,1.000000,1
1638,1790693239511110507,158401,1.000000,1
1639,1790693239511507579,161421,1.000000,1
1640,1790693239511908971,159401,1.000000,1
1641,1790693239512304013,158391,1.000000,1
1642,1790693239512703935,161471,1.000000,1
1643,1790693239513101358,157361,1.000000,1
1644,1790693239513532930,160111,1.000000,1
1645,1790693239513938042,163861,1.000000,1
1646,1790693239514360855,158100,1.000000,1
1647,1790693239514758817,163471,1.000000,1
1648,1790693239515160279,159131,1.000000,1
1649,1790693239515553261,163791,1.000000,1
1650,1790693239515954333,160182,1.000000,1
1651,1790693239516355706,160331,1.000000,1
1652,1790693239516757928,164641,1.000000,1
1653,1790693239517152140,159491,1.000000,1
1654,1790693239517549262,163211,1.000000,1
1655,1790693239517949254,159941,1.000000,1
1656,1790693239518349216,157791,1.000000,1
1657,1790693239518780718,166141,1.000000,1
1658,1790693239519177401,158521,1.000000,1
1659,1790693239519609344,162860,1.000000,1
1660,1790693239520045506,158801,1.000000,1
1661,1790693239520444828,156891,1.000000,1
1662,1790693239520884540,160761,1.000000,1
1663,1790693239521282202,161461,1.000000,1
1664,1790693239521689814,163811,1.000000,1
1665,1790693239522087337,159721,1.000000,1
1666,1790693239522479899,166441,1.000000,1
1667,1790693239522873551,159011,1.000000,1
1668,1790693239523278804,157180,1.000000,1
1669,1790693239523675366,162880,1.000000,1
1670,1790693239524076728,160931,1.000000,1
1671,1790693239524474290,164761,1.000000,1
1672,1790693239524875352,158662,1.000000,1
1673,1790693239525279225,156761,1.000000,1
1674,1790693239525702187,161521,1.000000,1
1675,1790693239526092149,160151,1.000000,1
1676,1790693239526489391,180311,1.000000,1
1677,1790693239526888433,159561,1.000000,1
1678,1790693239527315846,157120,1.000000,1
1679,1790693239527714208,158360,1.000000,1
1680,1790693239528106601,159380,1.000000,1
1681,1790693239528496373,163770,1.000000,1
1682,1790693239528934855,159911,1.000000,1
1683,1790693239529328067,158651,1.000000,1
1684,1790693239529730989,170211,1.000000,1
1685,1790693239530121301,163851,1.000000,1
1686,1790693239530513963,160411,1.000000,1
1687,1790693239530908355,156872,1.000000,1
1688,1790693239531301058,155671,1.000000,1
1689,1790693239531724690,159071,1.000000,1
1690,1790693239532111552,157751,1.000000,1
1691,1790693239532502164,163261,1.000000,1
1692,1790693239532951586,162211,1.000000,1
1693,1790693239533349168,159871,1.000000,1
1694,1790693239533778271,169781,1.000000,1
1695,1790693239534167104,158610,1.000000,1
1696,1790693239534562416,165371,1.000000,1
1697,1790693239534954628,159180,1.000000,1
1698,1790693239535342720,156100,1.000000,1
1699,1790693239535735072,161890,1.000000,1
1700,1790693239536127854,158480,1.000000,1
1701,1790693239536523656,162931,1.000000,1
1702,1790693239536934528,176112,1.000000,1
1703,1790693239537332902,165722,1.000000,1
1704,1790693239537766256,163892,1.000000,1
1705,1790693239538167510,160401,1.000000,1
1706,1790693239538558144,161221,1.000000,1
1707,1790693239538973347,160122,1.000000,1
1708,1790693239539365551,158942,1.000000,1
1709,1790693239539768035,164051,1.000000,1
1710,1790693239540191790,157991,1.000000,1
1711,1790693239540590013,163742,1.000000,1
1712,1790693239540992067,163552,1.000000,1
1713,1790693239541387981,158261,1.000000,1
1714,1790693239541820925,159061,1.000000,1
1715,1790693239542213579,159061,1.000000,1
1716,1790693239542621062,160112,1.000000,1
1717,1790693239543051837,164532,1.000000,1
1718,1790693239543474381,163332,1.000000,1
1719,1790693239543872535,160561,1.000000,1
1720,1790693239544278109,159391,1.000000,1
1721,1790693239544674732,158942,1.000000,1
1722,1790693239545073776,158692,1.000000,1
1723,1790693239545470510,163491,1.000000,1
1724,1790693239545878614,161452,1.000000,1
1725,1790693239546282488,158122,1.000000,1
1726,1790693239546709082,159922,1.000000,1
1727,1790693239547105536,163522,1.000000,1
1728,1790693239547508120,162532,1.000000,1
1729,1790693239547904144,157501,1.000000,1
1730,1790693239548299047,153732,1.000000,1
1731,1790693239548699271,159922,1.000000,1
1732,1790693239549108266,157442,1.000000,1
1733,1790693239549536660,162962,1.000000,1
1734,1790693239549964114,156342,1.000000,1
1735,1790693239550357538,155631,1.000000,1
1736,1790693239550759421,157431,1.000000,1
1737,1790693239551148995,154942,1.000000,1
1738,1790693239551542359,160161,1.000000,1
1739,1790693239551947893,154252,1.000000,1
1740,1790693239552349457,162652,1.000000,1
1741,1790693239552749601,164792,1.000000,1
1742,1790693239553148615,162881,1.000000,1
1743,1790693239553543528,165052,1.000000,1
1744,1790693239553948422,162972,1.000000,1
1745,1790693239554338206,159001,1.000000,1
1746,1790693239554734660,161441,1.000000,1
1747,1790693239555136354,169452,1.000000,1
1748,1790693239555563198,167022,1.000000,1
1749,1790693239555968272,162082,1.000000,1
1750,1790693239556369286,162721,1.000000,1
1751,1790693239556765970,163051,1.000000,1
1752,1790693239557166843,162362,1.000000,1
1753,1790693239557567807,163852,1.000000,1
1754,1790693239557972371,161443,1.000000,1
1755,1790693239558367196,159571,1.000000,1
1756,1790693239558768369,162572,1.000000,1
1757,1790693239559162803,162892,1.000000,1
1758,1790693239559564777,163631,1.000000,1
1759,1790693239559993241,162001,1.000000,1
1760,1790693239560391815,164071,1.000000,1
1761,1790693239560795398,168312,1.000000,1
1762,1790693239561200373,160612,1.000000,1
1763,1790693239561640237,168052,1.000000,1
1764,1790693239562041281,160311,1.000000,1
1765,1790693239562434425,167091,1.000000,1
1766,1790693239562838178,163752,1.000000,1
1767,1790693239563240682,162232,1.000000,1
1768,1790693239563648876,169081,1.000000,1
1769,1790693239564081471,163731,1.000000,1
1770,1790693239564474684,166611,1.000000,1
1771,1790693239564888368,163842,1.000000,1
1772,1790693239565298102,161902,1.000000,1
1773,1790693239565694876,163731,1.000000,1
1774,1790693239566092420,163161,1.000000,1
1775,1790693239566487793,164632,1.000000,1
1776,1790693239566889957,167523,1.000000,1
1777,1790693239567296032,159551,1.000000,1
1778,1790693239567726206,162501,1.000000,1
1779,1790693239568128670,162851,1.000000,1
1780,1790693239568528333,162532,1.000000,1
1781,1790693239568927657,165772,1.000000,1
1782,1790693239569326181,159972,1.000000,1
1783,1790693239569726445,169491,1.000000,1
1784,1790693239570156110,162421,1.000000,1
1785,1790693239570551533,163662,1.000000,1
1786,1790693239570953777,161372,1.000000,1
1787,1790693239571355171,161881,1.000000,1
1788,1790693239571765455,165241,1.000000,1
1789,1790693239572168008,163842,1.000000,1
1790,1790693239572570372,167632,1.000000,1
1791,1790693239572973996,163853,1.000000,1
1792,1790693239573384861,164091,1.000000,1
1793,1790693239573819675,169341,1.000000,1
1794,1790693239574203058,161452,1.000000,1
1795,1790693239574597882,162262,1.000000,1
1796,1790693239574996986,160141,1.000000,1
1797,1790693239575385219,160302,1.000000,1
1798,1790693239575777263,168062,1.000000,1
1799,1790693239576165758,161221,1.000000,1
1800,1790693239576565371,160822,1.000000,1
1801,1790693239576963445,161942,1.000000,1
1802,1790693239577361539,160671,1.000000,1
1803,1790693239577776973,166861,1.000000,1
1804,1790693239578176436,158062,1.000000,1
1805,1790693239578578020,162792,1.000000,1
1806,1790693239578986424,155102,1.000000,1
1807,1790693239579395649,155761,1.000000,1
1808,1790693239579837533,157592,1.000000,1
1809,1790693239580239737,155941,1.000000,1
1810,1790693239580646081,157801,1.000000,1
1811,1790693239581063205,153181,1.000000,1
1812,1790693239581457888,181862,1.000000,1
1813,1790693239581905202,191562,1.000000,1
1814,1790693239582302517,178062,1.000000,1
1815,1790693239582717851,161342,1.000000,1
1816,1790693239583124155,159131,1.000000,1
1817,1790693239583546819,162981,1.000000,1
1818,1790693239583939642,160432,1.000000,1
1819,1790693239584335106,156742,1.000000,1
1820,1790693239584731880,166951,1.000000,1
1821,1790693239585124964,158532,1.000000,1
1822,1790693239585524648,161582,1.000000,1
1823,1790693239585954422,159582,1.000000,1
1824,1790693239586350336,161811,1.000000,1
1825,1790693239586739949,160362,1.000000,1
1826,1790693239587169623,158192,1.000000,1
1827,1790693239587563247,161622,1.000000,1
1828,1790693239587952341,158682,1.000000,1
1829,1790693239588341365,157692,1.000000,1
1830,1790693239588733549,160501,1.000000,1
1831,1790693239589133473,161251,1.000000,1
1832,1790693239589532706,164762,1.000000,1
1833,1790693239589938580,166272,1.000000,1
1834,1790693239590339024,159551,1.000000,1
1835,1790693239590764858,162742,1.000000,1
1836,1790693239591152733,162821,1.000000,1
1837,1790693239591546756,160332,1.000000,1
1838,1790693239591974710,159992,1.000000,1
1839,1790693239592364564,157782,1.000000,1
1840,1790693239592762018,174851,1.000000,1
1841,1790693239593149931,158002,1.000000,1
1842,1790693239593537595,167712,1.000000,1
1843,1790693239593933549,159292,1.000000,1
1844,1790693239594321803,160092,1.000000,1
1845,1790693239594719317,163042,1.000000,1
1846,1790693239595109861,162601,1.000000,1
1847,1790693239595503244,164002,1.000000,1
1848,1790693239595896108,160502,1.000000,1
1849,1790693239596289252,157851,1.000000,1
1850,1790693239596685315,162892,1.000000,1
1851,1790693239597079630,158912,1.000000,1
1852,1790693239597488034,171561,1.000000,1
1853,1790693239597923928,163311,1.000000,1
1854,1790693239598319842,159501,1.000000,1
1855,1790693239598718025,162782,1.000000,1
1856,1790693239599118309,163102,1.000000,1
1857,1790693239599508123,162971,1.000000,1
1858,1790693239599905176,160873,1.000000,1
1859,1790693239600301571,158952,1.000000,1
1860,1790693239600700635,163201,1.000000,1
1861,1790693239601130049,162571,1.000000,1
1862,1790693239601524382,163842,1.000000,1
1863,1790693239601924256,163962,1.000000,1
1864,1790693239602348060,158602,1.000000,1
1865,1790693239602738764,164351,1.000000,1
1866,1790693239603168559,161851,1.000000,1
1867,1790693239603571293,161961,1.000000,1
1868,1790693239604011397,162961,1.000000,1
1869,1790693239604436021,157091,1.000000,1
1870,1790693239604838855,164801,1.000000,1
1871,1790693239605233988,161382,1.000000,1
1872,1790693239605639522,169092,1.000000,1
1873,1790693239606076417,157142,1.000000,1
1874,1790693239606463211,161101,1.000000,1
1875,1790693239606867725,155661,1.000000,1
1876,1790693239607269328,155252,1.000000,1
1877,1790693239607674532,157842,1.000000,1
1878,1790693239608070146,156771,1.000000,1
1879,1790693239608469159,160412,1.000000,1
1880,1790693239608866383,159262,1.000000,1
1881,1790693239609298238,156802,1.000000,1
1882,1790693239609702602,155831,1.000000,1
1883,1790693239610121266,165311,1.000000,1
1884,1790693239610519370,165281,1.000000,1
1885,1790693239610951274,163961,1.000000,1
1886,1790693239611376317,161641,1.000000,1
1887,1790693239611777821,169052,1.000000,1
1888,1790693239612174676,165081,1.000000,1
1889,1790693239612567030,161421,1.000000,1
1890,1790693239612972363,164232,1.000000,1
1891,1790693239613372867,164862,1.000000,1
1892,1790693239613770931,163421,1.000000,1
1893,1790693239614165764,166852,1.000000,1
1894,1790693239614560848,165072,1.000000,1
1895,1790693239614960702,162122,1.000000,1
1896,1790693239615364077,161121,1.000000,1
1897,1790693239615762120,161301,1.000000,1
1898,1790693239616171434,165612,1.000000,1
1899,1790693239616574948,163102,1.000000,1
1900,1790693239616982742,165002,1.000000,1
1901,1790693239617409036,162242,1.000000,1
1902,1790693239617817230,164761,1.000000,1
1903,1790693239618205524,159902,1.000000,1
1904,1790693239618608368,165572,1.000000,1
1905,1790693239619035072,161432,1.000000,1
1906,1790693239619433576,161511,1.000000,1
1907,1790693239619835130,161221,1.000000,1
1908,1790693239620230603,161562,1.000000,1
1909,1790693239620638987,165592,1.000000,1
1910,1790693239621038491,159672,1.000000,1
1911,1790693239621435186,159881,1.000000,1
1912,1790693239621836569,164392,1.000000,1
1913,1790693239622234593,158791,1.000000,1
1914,1790693239622642507,165731,1.000000,1
1915,1790693239623045240,161402,1.000000,1
1916,1790693239623442454,162522,1.000000,1
1917,1790693239623880688,163273,1.000000,1
1918,1790693239624283193,165512,1.000000,1
1919,1790693239624689907,163031,1.000000,1
1920,1790693239625097341,164671,1.000000,1
1921,1790693239625491094,164362,1.000000,1
1922,1790693239625889978,163901,1.000000,1
1923,1790693239626291352,160111,1.000000,1
1924,1790693239626690605,168172,1.000000,1
1925,1790693239627087780,162232,1.000000,1
1926,1790693239627482474,170252,1.000000,1
1927,1790693239627882038,163921,1.000000,1
1928,1790693239628288592,157801,1.000000,1
1929,1790693239628682695,162592,1.000000,1
1930,1790693239629081739,161622,1.000000,1
1931,1790693239629479353,165841,1.000000,1
1932,1790693239629889657,168292,1.000000,1
1933,1790693239630303201,158972,1.000000,1
1934,1790693239630702565,160682,1.000000,1
1935,1790693239631093489,160201,1.000000,1
1936,1790693239631494683,166511,1.000000,1
1937,1790693239631914206,159632,1.000000,1
1938,1790693239632312600,157832,1.000000,1
1939,1790693239632736624,162572,1.000000,1
1940,1790693239633134919,160701,1.000000,1
1941,1790693239633529312,161222,1.000000,1
1942,1790693239633927126,159722,1.000000,1
1943,1790693239634320730,158411,1.000000,1
1944,1790693239634746754,160401,1.000000,1
1945,1790693239635136017,157212,1.000000,1
1946,1790693239635560381,163762,1.000000,1
1947,1790693239635964695,159113,1.000000,1
1948,1790693239636391700,159082,1.000000,1
1949,1790693239636816534,160972,1.000000,1
1950,1790693239637217758,155841,1.000000,1
1951,1790693239637615271,163022,1.000000,1
1952,1790693239638042135,166272,1.000000,1
1953,1790693239638425119,158462,1.000000,1
1954,1790693239638826353,163551,1.000000,1
1955,1790693239639212417,158092,1.000000,1
1956,1790693239639614371,163792,1.000000,1
1957,1790693239640001235,160451,1.000000,1
1958,1790693239640392669,159681,1.000000,1
1959,1790693239640796972,168882,1.000000,1
1960,1790693239641179846,156111,1.000000,1
1961,1790693239641579720,157481,1.000000,1
1962,1790693239641982034,160672,1.000000,1
1963,1790693239642398608,156582,1.000000,1
1964,1790693239642788862,164082,1.000000,1
1965,1790693239643205566,154331,1.000000,1
1966,1790693239643598550,157871,1.000000,1
1967,1790693239643988683,157542,1.000000,1
1968,1790693239644377597,157531,1.000000,1
1969,1790693239644765740,174072,1.000000,1
1970,1790693239645162925,160722,1.000000,1
1971,1790693239645562409,165711,1.000000,1
1972,1790693239645964263,165831,1.000000,1
1973,1790693239646360116,157922,1.000000,1
1974,1790693239646759500,162961,1.000000,1
1975,1790693239647164014,161411,1.000000,1
1976,1790693239647580628,163511,1.000000,1
1977,1790693239647984041,160273,1.000000,1
1978,1790693239648385176,159592,1.000000,1
1979,1790693239648786810,169221,1.000000,1
1980,1790693239649190224,160241,1.000000,1
1981,1790693239649630948,169701,1.000000,1
1982,1790693239650060772,161461,1.000000,1
1983,1790693239650456935,164932,1.000000,1
1984,1790693239650866849,165322,1.000000,1
1985,1790693239651296304,160912,1.000000,1
1986,1790693239651696698,166482,1.000000,1
1987,1790693239652095542,161541,1.000000,1
1988,1790693239652521946,164241,1.000000,1
1989,1790693239652926330,161491,1.000000,1
1990,1790693239653323963,160612,1.000000,1
1991,1790693239653725917,162792,1.000000,1
1992,1790693239654120122,161061,1.000000,1
1993,1790693239654517066,163251,1.000000,1
1994,1790693239654927559,163672,1.000000,1
1995,1790693239655324223,159032,1.000000,1
1996,1790693239655727777,164901,1.000000,1
1997,1790693239656124070,160572,1.000000,1
1998,1790693239656527714,162592,1.000000,1
1999,1790693239656931808,162583,1.000000,1
2000,1790693239657334833,162111,1.000000,1
