count_idx,send_a_block_ns,send_b_block_ns,send_gap_ab_ns
1,9567,5004,11733
2,2543,3505,3530
3,2230,133457,2959
4,7224,3849,9129
5,3233,4266,4496
6,3531,3233,4513
7,3161,3759,4367
8,3314,3223,4388
9,2983,3297,4002
10,4194,4734,5241
11,3207,3276,4310
12,3517,3223,4838
13,3276,12047,5428
14,13841,3633,14840
15,3426,3407,4573
16,3299,3763,4421
17,3230,3456,4306
18,3070,3224,4111
19,2882,3197,3968
20,3003,3527,4105
21,3098,3450,4157
22,3290,3208,4259
23,3753,3308,4786
24,3237,3329,4299
25,3139,3381,4273
26,4959,4046,6162
27,3448,3495,4606
28,11254,7954,12287
29,5567,3316,6629
30,3384,3469,4440
31,3253,3285,4274
32,3295,3745,4326
33,3192,3675,4637
34,3475,3557,4640
35,3204,3908,4541
36,3450,3561,4807
37,3361,3646,4674
38,4363,3799,5688
39,3987,4064,5414
40,3324,4133,4669
41,3486,3841,5107
42,3318,3503,4801
43,3466,3465,4765
44,3484,4024,5091
45,3628,3485,4800
46,2950,3720,4099
47,3211,3522,4374
48,3276,3443,4486
49,3537,3565,4720
50,3964,3179,5032
51,3519,4897,4664
52,4030,3752,5217
53,3251,3986,4499
54,3111,3532,4160
55,3264,3649,4430
56,3371,3138,4820
57,3056,3051,3995
58,3036,3189,4033
59,3232,3220,4276
60,3229,3275,4306
61,3767,3410,4806
62,3292,3316,4345
63,3415,201483,4564
64,7224,4434,9046
65,3573,3664,4973
66,3402,3474,4726
67,3300,4430,4479
68,3350,3381,4570
69,3540,3617,4891
70,3344,3756,4713
71,3561,3569,4968
72,3451,3484,4862
73,3409,3674,4738
74,3410,3600,4714
75,3251,3322,4438
76,3314,4136,4569
77,3797,3592,5015
78,3644,3833,4967
79,3358,3758,4747
80,3615,3905,4923
81,3461,3631,4828
82,3439,3821,4796
83,3466,4506,4769
84,3408,4347,4791
85,3561,4090,4892
86,3280,3644,4630
87,3306,3662,4541
88,3710,4135,4971
89,4290,3856,5596
90,3447,3565,4636
91,3720,3583,4949
92,3379,3676,4738
93,3252,3463,4487
94,8387,16742,9742
95,3356,3578,4675
96,3381,3622,4624
97,3423,3444,4500
98,3499,3414,4804
99,3543,3976,4741
100,3971,3420,5260
101,3632,4052,4989
102,3516,3673,4874
103,3346,3531,4668
104,3374,3656,4598
105,3438,3523,4649
106,3429,3332,4784
107,3734,3599,4842
108,3622,16643,4815
109,3666,5356,4970
110,7938,13235,11607
111,3157,3338,4327
112,3252,3409,4536
113,6464,3517,7842
114,4474,4309,5592
115,3301,4513,4660
116,3542,3829,4907
117,4328,4237,5665
118,3480,3595,4717
119,3364,3505,4721
120,3424,3686,4754
121,3404,3461,4601
122,3374,3714,4691
123,3408,3469,4636
124,3988,3633,5202
125,3536,3801,4858
126,3368,10965,4656
127,3773,4003,5086
128,3246,3506,4516
129,3471,3311,4787
130,3488,3332,4725
131,3203,3472,4471
132,3219,3484,4479
133,3476,3519,4762
134,3509,3546,4579
135,3319,3382,4674
136,3515,5507,4865
137,3446,3552,4772
138,3237,3467,4383
139,4272,3509,5491
140,3791,3693,5143
141,3691,3418,5042
142,3261,3386,4469
143,3650,3499,4864
144,3405,3665,4819
145,3317,3638,4641
146,3327,3427,4613
147,3431,3265,4602
148,3709,3546,4925
149,3942,3565,5096
150,3506,3467,4729
151,3412,4142,4788
152,3431,4453,4731
153,3670,3637,4957
154,3682,3719,5037
155,3350,3695,4631
156,3238,3664,4579
157,3372,3826,4737
158,3448,3752,4814
159,3943,3784,5235
160,3579,4431,4978
161,3525,3680,4860
162,3357,3610,4679
163,3310,3545,4487
164,3942,3494,5185
165,3801,6538,5026
166,3811,3489,5089
167,3673,3380,4781
168,3400,3213,4653
169,3446,3538,4701
170,3524,4229,4732
171,6026,4325,7345
172,3613,3570,4837
173,3502,3630,4916
174,3617,3502,4997
175,3736,3519,5039
176,3567,4189,4942
177,3736,3576,5087
178,3558,3386,4813
179,3364,3431,4624
180,3422,3729,4806
181,3455,4077,4673
182,3470,3532,4846
183,3556,3545,4952
184,3608,3685,4996
185,3786,3891,5137
186,3214,3579,4430
187,3268,3854,4530
188,3342,3682,4634
189,4022,3720,5331
190,3402,3742,4700
191,3501,3628,4838
192,3382,3487,4732
193,3851,3565,5143
194,3954,3703,5273
195,43530,6456,47285
196,4188,3939,5807
197,3429,3744,4801
198,3397,3417,4722
199,3796,3376,5088
200,3690,6289,4927
201,3600,5969,5011
202,3241,3558,4464
203,5820,3527,7024
204,3603,3377,4683
205,3489,3635,4827
206,3242,3462,4545
207,3277,3560,4482
208,3529,3526,4789
209,3572,3363,4780
210,3395,3650,4670
211,3469,3567,4792
212,3326,3599,4674
213,3487,3826,4793
214,5715,3713,7094
215,3600,3659,4920
216,3203,5285,4411
217,3323,3592,4605
218,3350,3283,4530
219,3383,3524,4652
220,3314,3547,4665
221,4045,3698,5429
222,3612,7104,4985
223,3320,3905,4533
224,6160,4369,8742
225,36932,5171,40480
226,4283,6587,6079
227,3442,3555,4750
228,3129,3514,4495
229,3382,3552,4690
230,3291,3522,4490
231,3295,3633,4532
232,3544,5423,4739
233,3394,3750,4630
234,3463,3611,4783
235,3473,3748,4711
236,3581,3699,4805
237,3457,3603,4839
238,3584,3318,4857
239,6161,3368,7482
240,3332,3634,4659
241,3431,3387,4738
242,3522,3775,4935
243,3951,3461,5324
244,3355,3679,4715
245,3399,3602,4672
246,3365,3685,4675
247,3421,3572,4714
248,3402,5320,4685
249,3460,3340,4775
250,3136,3569,4463
251,3252,5968,4546
252,3221,3435,4384
253,3411,3421,4616
254,3273,3417,4616
255,3338,3564,4680
256,3211,3504,4453
257,3339,3464,4752
258,3096,3314,4389
259,3386,3275,4689
260,3340,3343,4744
261,3308,3425,4725
262,3524,3564,4931
263,3213,3307,4474
264,5630,5004,6872
265,3134,3353,4382
266,3262,3485,4606
267,3259,3411,4551
268,3236,3188,4579
269,3228,3918,4569
270,3825,3861,5154
271,3224,3458,4558
272,3272,3425,4605
273,3575,3545,5035
274,3432,3759,4838
275,3381,4007,4663
276,3435,6070,4827
277,3406,3510,4784
278,3348,3367,4711
279,3254,3195,4512
280,3200,5412,4567
281,3366,3558,4714
282,3743,3652,5201
283,4002,3564,5429
284,3412,3581,4843
285,3731,4053,5142
286,3309,3901,4600
287,3321,3360,4683
288,3290,3342,4618
289,6396,3334,7724
290,3276,3624,4633
291,3242,3511,4691
292,3365,4232,4637
293,3387,3727,4514
294,3642,3538,4844
295,3343,3312,4720
296,3461,4241,4679
297,3511,3609,4890
298,3733,3483,5179
299,3217,3482,4682
300,3384,3467,4695
301,3417,6077,4678
302,3319,3812,4650
303,3368,3654,4716
304,3181,3514,4466
305,3379,3513,4839
306,3770,3468,4944
307,3469,3519,7549
308,3359,3488,4731
309,3440,3414,4825
310,3460,3734,4777
311,3548,3742,5043
312,3281,3640,4472
313,3454,3367,4808
314,6489,3578,7780
315,3591,3308,4865
316,3454,3302,4692
317,3250,3686,4712
318,3082,3534,4402
319,3311,3301,4605
320,3422,3294,4710
321,3273,3713,4511
322,3330,3383,4710
323,3201,3306,4396
324,3404,3370,4721
325,3276,3765,4607
326,3409,6502,4852
327,3446,3385,4732
328,3287,3495,4667
329,3093,3111,4183
330,3968,3568,5339
331,3332,3708,4612
332,3235,3242,4592
333,3512,5262,4959
334,3810,3354,5288
335,3347,3498,4781
336,3432,6446,26603
337,4592,3615,6641
338,3499,3542,5149
339,4447,3617,6046
340,3262,3448,4650
341,3250,3400,4505
342,3923,3569,5243
343,3517,3835,4824
344,3461,3256,4864
345,3499,3811,5034
346,4003,3334,5307
347,3602,3487,4986
348,3302,3415,4603
349,3664,13592,5053
350,4366,3335,5621
351,3670,3391,5094
352,3692,3623,4933
353,3609,3574,5005
354,3407,3889,4708
355,4396,3644,5631
356,3554,3478,4830
357,3705,3911,5095
358,4178,3441,5426
359,3730,3509,4884
360,4085,3378,5396
361,3553,3702,4599
362,3425,3702,4707
363,3450,3429,4666
364,3453,3642,5034
365,3378,5610,4616
366,3336,3452,4545
367,3735,3135,4916
368,3283,3140,4517
369,3563,3157,4837
370,3524,4061,4719
371,3547,3902,5406
372,3453,3763,4863
373,6183,4828,9403
374,4266,4270,6717
375,3781,4230,5386
376,3473,3663,4886
377,3447,3836,4955
378,3490,3596,4811
379,3333,3515,4744
380,3822,3489,5246
381,3042,4389,4419
382,3148,3236,4546
383,4125,3746,5264
384,3190,3740,4506
385,3158,3164,4486
386,3368,3303,4743
387,3721,3654,4851
388,3566,3881,4740
389,3307,3740,4708
390,3908,3204,5199
391,3180,3389,4379
392,3708,3379,5543
393,3173,3104,4380
394,3219,3079,4317
395,3325,3858,4710
396,3057,3527,4419
397,4152,3411,5499
398,3004,2854,4075
399,3066,3059,4292
400,3298,3122,4418
401,3105,3152,4275
402,3519,3064,4635
403,3615,3298,4903
404,3125,3485,4343
405,3174,3344,4347
406,2913,3407,4194
407,3119,3199,4349
408,3377,3575,4550
409,3139,3302,4450
410,3746,3272,4843
411,3451,3162,4696
412,3088,3074,4402
413,3586,3281,4797
414,3138,3254,4370
415,2877,3437,4077
416,3484,3232,4819
417,3124,3260,4839
418,3136,2924,4574
419,2876,3261,4141
420,3100,3557,4762
421,3168,3515,4361
422,3620,3353,4762
423,3730,3371,5272
424,3250,2870,4353
425,2888,3310,4020
426,3085,3807,4190
427,2939,3284,4005
428,3008,3158,4310
429,3212,3460,4395
430,2918,3053,4054
431,3056,3268,4229
432,3163,3079,4419
433,3225,3567,4533
434,3420,3917,4611
435,3714,4392,4936
436,3754,3751,4968
437,3271,4024,4457
438,4021,3767,5114
439,6997,3803,8517
440,3494,3237,4690
441,3366,3378,4584
442,3164,3133,4387
443,2913,3199,3991
444,3357,3326,4547
445,3256,3582,4536
446,3123,3171,4525
447,3173,3465,4516
448,3239,3117,4369
449,3322,3206,4568
450,3035,3512,4126
451,3275,5926,4423
452,3236,3538,9177
453,2978,3526,4276
454,3245,3114,4496
455,3306,3341,4430
456,3177,2982,4366
457,3156,2930,4563
458,3468,3382,4619
459,3179,3208,4439
460,3122,3019,4373
461,3231,3259,4502
462,3228,3572,4495
463,3329,3377,5094
464,6809,3957,8018
465,3806,4079,5469
466,3562,3391,4803
467,3938,3185,5056
468,3388,3242,4654
469,3458,3340,4864
470,3480,3212,4847
471,3486,3568,4802
472,3096,3204,4318
473,2907,2922,4067
474,3666,3286,4759
475,3668,3436,5003
476,3379,4282,4557
477,3184,3468,4475
478,4961,2555,5905
479,3449,3367,4528
480,3373,3387,4530
481,3166,3239,4454
482,3249,3328,4479
483,3631,3900,4901
484,3535,3592,4810
485,3325,88320,4624
486,6202,4488,8863
487,3514,3465,5693
488,3209,3358,4884
489,6914,3734,8468
490,3592,3671,5009
491,3384,3575,4806
492,3320,3796,4742
493,3082,3210,4477
494,3641,3310,4842
495,3185,4171,4299
496,3305,3372,4311
497,3401,3457,4662
498,3238,3480,4697
499,2972,3229,4115
500,2868,3305,3948
501,3277,133497,4397
502,5954,4508,8665
503,3564,3559,5087
504,2251,2277,3041
505,3155,2581,3876
506,2535,2319,3269
507,2337,2389,3045
508,2474,3687,3190
509,3115,3395,10386
510,3694,3375,4812
511,3332,3616,4704
512,3487,3545,4979
513,3579,3582,4859
514,3597,3551,4948
515,3511,3627,4822
516,3330,3660,4503
517,3596,298588,4692
518,6814,4289,8790
519,3605,3933,5140
520,3411,3971,4926
521,3893,3554,5233
522,3224,3517,4404
523,3242,3425,4466
524,3707,3497,4864
525,3487,3550,4679
526,3251,3221,4541
527,3184,3747,4427
528,3753,3320,5091
529,3225,3338,4718
530,37600,5470,41197
531,3877,3357,5272
532,3307,3139,4578
533,9778,127276,11149
534,6751,4676,9636
535,3900,3519,5465
536,3270,3359,4667
537,3356,3167,4591
538,3855,3157,4977
539,3463,3289,4686
540,2962,3315,4130
541,3798,3583,5122
542,3319,3068,4426
543,3169,3557,4462
544,3220,3302,4299
545,3321,4729,4607
546,3564,3393,4676
547,2979,2833,4082
548,3059,3338,4305
549,3380,129634,4723
550,7642,4102,9832
551,3270,3792,4754
552,3717,3525,4977
553,3673,3509,5110
554,3553,3667,4961
555,3522,3522,4929
556,3487,3503,4868
557,4415,3514,5650
558,3943,4053,5189
559,3425,3680,4638
560,4075,3799,5461
561,3800,4143,5189
562,3688,4072,5126
563,3776,3794,5146
564,3517,3885,4852
565,3592,3879,4962
566,3727,3601,5213
567,3510,3794,4889
568,3343,3713,4767
569,3481,3702,4974
570,3306,3894,4646
571,3494,3344,4841
572,3322,3450,4671
573,3427,3548,4764
574,4260,3575,5492
575,3625,3726,5007
576,3359,3405,4715
577,3786,3537,5258
578,3998,3571,5433
579,3421,3699,4746
580,3426,3437,4789
581,3461,249612,4831
582,8043,3908,10319
583,4482,3585,5883
584,3716,3375,5047
585,3612,3435,4944
586,3639,3472,4960
587,3603,3615,4842
588,3445,3347,4838
589,3305,3316,4756
590,3664,3710,4952
591,3575,3707,4933
592,3625,3204,4908
593,3677,3397,4928
594,3384,3527,4799
595,3512,4197,4909
596,3579,3458,4992
597,3717,188367,5109
598,7673,3926,9600
599,3656,3487,4921
600,3460,3558,4759
601,3494,3599,4855
602,3319,3517,4492
603,3719,3345,5041
604,3427,3402,4650
605,3568,3336,4957
606,3407,3655,4813
607,3369,3435,4781
608,4189,3596,5709
609,3418,3597,4725
610,3537,3624,4888
611,3479,3545,4781
612,3878,3574,5281
613,4033,69556,5376
614,6029,3254,7347
615,3262,3413,4512
616,3187,3741,4204
617,3641,3531,4975
618,3256,3242,4622
619,3249,3206,4596
620,3066,3694,4295
621,3284,2959,4420
622,3308,3118,4473
623,3422,3516,4632
624,3212,2922,4319
625,2726,3057,3890
626,3443,3655,4696
627,3863,3661,5298
628,3509,3538,4751
629,3193,49194,4496
630,4324,3474,6214
631,3127,3389,4731
632,3594,3711,5116
633,3408,4004,4936
634,3448,3478,4859
635,3539,3300,4854
636,3361,3264,4575
637,4237,275177,5104
638,6213,3339,7928
639,3454,3864,4748
640,3378,3330,4703
641,3355,3528,4570
642,4191,3272,5258
643,3749,3168,4846
644,3566,3281,4734
645,3247,3320,4824
646,3298,3169,4361
647,3367,3436,4755
648,3218,3151,4369
649,3173,3126,4380
650,3242,3290,4427
651,3375,3736,11006
652,7845,3187,9190
653,3262,161826,4483
654,6516,3798,8395
655,3328,3695,4612
656,3642,3707,4855
657,3631,3470,4900
658,4556,3511,5766
659,3338,3451,4687
660,4195,3428,5528
661,3843,3717,5273
662,3371,3625,4843
663,3284,3482,4481
664,3457,4533,4765
665,3545,3557,5068
666,3503,3566,4933
667,3544,3573,4964
668,3675,3523,5131
669,3477,185661,4820
670,6660,3946,8675
671,3919,3611,5235
672,3650,2912,4782
673,2843,3050,3988
674,3402,3361,4614
675,3621,3606,5066
676,3439,3919,4770
677,3865,3528,5283
678,3447,3573,4891
679,3185,3277,4411
680,3387,3299,4577
681,3053,3200,4164
682,3137,3030,4181
683,3061,2989,4063
684,2882,2997,3984
685,3125,166916,4129
686,5356,3625,7424
687,3672,3251,5109
688,3181,3680,4382
689,3007,3838,4238
690,3367,3225,4480
691,3493,3207,4547
692,3521,3813,4762
693,3100,3564,4409
694,3707,3102,4770
695,2812,3550,3903
696,3072,3585,4158
697,3360,3575,4733
698,3305,3489,4729
699,3313,3408,4803
700,3322,3261,4700
701,3007,178364,4231
702,5555,3780,7295
703,3210,3631,4486
704,4036,3479,5298
705,3057,3041,4185
706,3157,3330,4357
707,3614,3521,5057
708,4401,4064,12605
709,3498,3222,4760
710,3493,3256,4804
711,3344,3609,4719
712,3525,3020,4513
713,3285,3182,4282
714,3071,3589,4336
715,3048,3520,4177
716,3292,3248,4647
717,3624,3518,4990
718,3805,2935,4891
719,3235,3351,4421
720,3598,3506,4810
721,3384,3051,4521
722,2940,3058,4044
723,3153,3722,4325
724,3479,3521,4900
725,3332,3339,4530
726,3062,2881,4056
727,3134,3045,4143
728,3105,3077,4365
729,2921,3126,3900
730,3143,2965,4214
731,2986,2877,4041
732,3253,2993,4689
733,3748,183456,4901
734,6301,3944,8346
735,3400,3465,4802
736,3463,3406,4834
737,3698,3483,5020
738,3232,3654,4635
739,3284,3416,4656
740,3459,3396,4857
741,3258,3676,4714
742,3501,3584,4925
743,4057,3551,5486
744,3466,3909,4825
745,3761,3966,5288
746,3453,3218,4661
747,3543,3364,4930
748,3249,3343,4481
749,3482,108917,4760
750,6364,3358,8156
751,3208,3491,4351
752,3144,3207,4247
753,3075,3212,4077
754,3087,4492,4104
755,3142,3295,4384
756,2907,2912,3983
757,3041,2979,4118
758,3488,2933,4623
759,3011,3141,4115
760,3301,3028,4397
761,3313,3061,4311
762,2920,3042,3993
763,3241,3525,4207
764,3161,3127,4312
765,2917,300407,11333
766,6603,3948,8285
767,3531,3977,4828
768,3691,3328,5122
769,3144,3247,4358
770,3272,7808,4631
771,3534,3390,4963
772,3373,3713,4758
773,3449,3523,4860
774,3320,3527,4634
775,3210,3299,4640
776,3744,3387,4994
777,4147,3411,5380
778,3478,3295,4812
779,3423,3458,4725
780,3405,3472,4867
781,3398,113223,4750
782,5178,3692,7455
783,8151,3668,9943
784,3768,3402,5211
785,3836,3568,5327
786,3511,3536,4830
787,3401,3481,4694
788,3444,3652,4857
789,3411,3664,4700
790,3335,3423,4719
791,3320,3258,4444
792,3360,3353,4662
793,3197,3524,4504
794,3800,3407,5154
795,3511,4785,4919
796,3805,3245,5181
797,3407,189296,4792
798,6044,4005,7960
799,3705,3823,5066
800,3706,3364,4863
801,3245,4424,4601
802,3254,3272,4652
803,3358,3234,4518
804,3521,3245,4706
805,3447,3611,4671
806,2939,3041,4268
807,3095,3458,4180
808,3826,3500,4966
809,3712,3577,5141
810,3562,3489,4774
811,3882,3382,5272
812,3440,3380,4655
813,3100,73594,4145
814,5243,3448,6897
815,3479,3490,4602
816,3148,3374,4349
817,4034,3298,5414
818,3372,3241,4556
819,3914,3286,5117
820,3214,4049,4391
821,3545,3167,4610
822,3562,3473,4737
823,3299,3706,4531
824,3506,3649,4810
825,3451,3171,4654
826,3179,3622,4381
827,3529,3583,4971
828,3308,3546,4432
829,3142,3416,4389
830,3245,3546,4411
831,3502,3316,4562
832,3027,2904,4044
833,3521,3233,4708
834,3575,3567,4912
835,3823,3417,5161
836,3095,3508,4266
837,2879,2892,3904
838,2861,3358,3994
839,3091,382471,4398
840,7252,4052,9480
841,3657,3497,5059
842,3449,3703,4740
843,3541,3473,4991
844,3427,3696,4765
845,3370,4812,4605
846,3564,4045,4841
847,3453,3336,4691
848,3300,3424,4522
849,4040,3725,5348
850,3386,3431,4661
851,4052,3527,5456
852,3465,3598,4896
853,3646,3562,5046
854,3465,3407,4639
855,3558,124296,4886
856,6338,3987,8434
857,3722,3706,5310
858,3770,3867,5218
859,3641,3539,5004
860,3115,3500,4369
861,3694,3390,4933
862,3501,3558,4930
863,3751,3521,4923
864,3319,3419,4615
865,3410,3307,4750
866,3441,3476,4799
867,3374,3482,4673
868,3230,3353,4530
869,3474,3663,4665
870,3406,3695,4656
871,3440,74759,4776
872,4814,3816,6900
873,3532,3679,5188
874,3843,3267,5276
875,3312,3422,4672
876,3217,3435,4473
877,3941,3355,5353
878,3495,3714,4834
879,3448,3630,4843
880,3469,3545,4706
881,4167,3725,5577
882,3238,3489,4461
883,14792,6761,65889
884,4063,3323,5519
885,2984,3752,3987
886,3079,3867,4245
887,3155,103258,4120
888,210538,9797,216961
889,29703,5878,33095
890,3703,3245,4982
891,3090,3240,4183
892,200304,9305,206038
893,4399,3501,5756
894,2986,3060,3966
895,3291,3868,4411
896,3238,3319,4530
897,30784,7537,36245
898,3740,3422,4982
899,21428,5473,27801
900,4008,49069,5629
901,6255,3550,7509
902,3216,4335,4820
903,3445,3141,4839
904,3406,3349,4557
905,136289,5614,141304
906,3745,3538,5025
907,3501,3606,13402
908,3788,3228,5033
909,3354,3276,4502
910,35059,25003,42791
911,13109,4767,16830
912,2386,2466,3230
913,3218,3328,4483
914,118018,6391,123482
915,3524,3247,4839
916,3236,3298,4573
917,3226,3626,4335
918,3340,3303,4490
919,3563,3376,4832
920,3457,4012,4580
921,3329,4894,4329
922,3377,3360,4748
923,2786,2426,3584
924,2136,2464,2951
925,2219,2220,2925
926,2136,2225,2834
927,2133,2171,2851
928,2151,2174,2864
929,2101,2157,2807
930,2137,2256,2878
931,2409,2128,3117
932,2324,2381,3031
933,2985,2430,3710
934,2112,3013,2813
935,3216,3300,4685
936,8252,25034,10671
937,5329,3918,7067
938,3987,3539,5304
939,3533,3452,4719
940,52267,4308,56137
941,3454,3262,4624
942,3330,3739,4474
943,4045,3157,5206
944,3047,3304,4256
945,40184,8452,44459
946,4307,72306,5605
947,9714,5218,13183
948,33851,8390,41852
949,3802,3964,5376
950,3564,3768,5023
951,3429,3413,4630
952,3251,3354,4601
953,4282,3409,5514
954,3539,3483,4889
955,3442,3274,4908
956,3505,3439,4925
957,3331,3527,4773
958,3914,3708,5228
959,3379,3519,4743
960,3580,3705,4916
961,3279,3502,4668
962,3215,219322,4456
963,12910,4455,14740
964,3379,3567,10528
965,2926,3743,4057
966,2973,2932,3924
967,2882,2903,3919
968,2930,3285,4030
969,2825,2993,3839
970,2797,3276,3830
971,3225,3050,4481
972,2926,3399,4112
973,3078,3309,4173
974,3377,3524,4560
975,3008,12245,170132
976,4383,3433,6006
977,114023,8588,120092
978,3870,3528,5254
979,3543,3329,4880
980,3799,3340,5122
981,2817,3946,4294
982,3410,3091,4655
983,4718,458461,6122
984,22430,5384,27707
985,3761,3396,5103
986,3497,3433,4859
987,3421,4672,4783
988,3168,3295,4483
989,3132,3408,4336
990,3018,3400,4157
991,3389,3417,4791
992,3436,3452,4833
993,3552,3612,4788
994,3333,3485,4541
995,3413,4353,4696
996,3825,3839,5086
997,3713,4024,4968
998,3578,243298,4869
999,146372,95933,153313
1000,10643,4236,12317
1001,3305,3434,4490
1002,3391,3204,4644
1003,3281,4163,4646
1004,3304,3348,4411
1005,3061,3171,4346
1006,2836,2267,3644
1007,2104,3456,3299
1008,3741,25167,5015
1009,5749,3527,7626
1010,5374,3893,7325
1011,3345,3392,4589
1012,2956,61001,4194
1013,9862,31127,11293
1014,6641,3826,8517
1015,3384,4098,4505
1016,3182,3468,4279
1017,3177,3309,4368
1018,2949,24086,4081
1019,5274,4216,7164
1020,3684,4143,5083
1021,3635,3659,10256
1022,3452,3646,4884
1023,3424,3504,4646
1024,3167,2877,5351
1025,2206,2227,2957
1026,2204,2186,2920
1027,2856,3149,4036
1028,3124,3343,4372
1029,3235,3442,4405
1030,3056,3166,4076
1031,3220,61903,4331
1032,3753,3113,4947
1033,3153,2330,3965
1034,2143,2192,2937
1035,2128,2164,2924
1036,2422,2570,3180
1037,2399,2530,3124
1038,2192,2161,2913
1039,2119,2199,2873
1040,2099,2208,2840
1041,2111,2153,2892
1042,2068,2279,2798
1043,2564,2143,3288
1044,2357,2183,3118
1045,2608,22079,13468
1046,30772,30286,42253
1047,12641,74516,15227
1048,5034,3496,6522
1049,2326,2386,3094
1050,2270,2182,2981
1051,2131,2285,2900
1052,2161,2196,2898
1053,2226,2389,2931
1054,2140,2153,2872
1055,61543,10309,69159
1056,4043,3465,5549
1057,3346,3292,4635
1058,3860,3121,5011
1059,3176,3466,4449
1060,3373,4203,4483
1061,3403,3550,4564
1062,55431,41967,64744
1063,5547,3709,7468
1064,3226,41319,4579
1065,12706,4633,15277
1066,3654,3544,5264
1067,3249,71895,4547
1068,7818,3017,8960
1069,2477,2255,3219
1070,2357,2832,3101
1071,2204,2237,2975
1072,2251,2183,2993
1073,2199,2126,2919
1074,2252,2106,2993
1075,2115,2153,2841
1076,2264,3167,3007
1077,2296,2331,3045
1078,2561,2137,3316
1079,2317,2118,3059
1080,2092,2451,2861
1081,2109,2124,2862
1082,2107,2087,2857
1083,2762,2378,3465
1084,2313,2147,3066
1085,2409,2291,3113
1086,12706,14770,102335
1087,4680,3852,6845
1088,3241,3066,4492
1089,3198,3251,4534
1090,33658,5486,37742
1091,2845,2243,3957
1092,42255,11081,49180
1093,4884,3896,6478
1094,3638,3625,4996
1095,4421,4038,5936
1096,3630,4140,5036
1097,3637,3231,4970
1098,3440,3357,4677
1099,4188,3483,5415
1100,3430,3572,4769
1101,3296,3619,4551
1102,3544,3458,4981
1103,3307,3561,4563
1104,3228,3353,4457
1105,7592,2863,9160
1106,2195,2218,2999
1107,2119,2149,2884
1108,2506,2184,3256
1109,2096,2166,2884
1110,2171,2339,2940
1111,2152,2173,2890
1112,51000,15939,60559
1113,5134,4213,6980
1114,3646,33636,5148
1115,11410,4691,13153
1116,2994,3615,4281
1117,3224,3749,4463
1118,4354,3577,5603
1119,3483,3502,4995
1120,3148,3719,4386
1121,3536,3313,4817
1122,4266,2570,5103
1123,2292,2217,3050
1124,3195,3322,4430
1125,3183,3297,4350
1126,3162,3453,4551
1127,3375,3477,4717
1128,3526,3560,4821
1129,3094,3446,4382
1130,2935,3265,4071
1131,3338,3341,4688
1132,3106,3293,4316
1133,4435,3758,11061
1134,3251,4023,4509
1135,3184,3350,4602
1136,3604,3493,4923
1137,3278,3400,4648
1138,3351,3242,4518
1139,3245,3256,4502
1140,3299,3526,4767
1141,3115,3107,4382
1142,3145,3131,4264
1143,3598,3376,4881
1144,3073,3379,4317
1145,3286,4985,4548
1146,3607,3353,4840
1147,4037,2424,4864
1148,2159,2228,2909
1149,3227,3219,4517
1150,3183,3317,4485
1151,3134,3402,4336
1152,4010,3382,5251
1153,3788,3415,4938
1154,3124,3023,4248
1155,2947,3167,4025
1156,3171,3609,4543
1157,3599,3631,4951
1158,3801,3006,4977
1159,2922,3373,4012
1160,3338,3555,4729
1161,3496,4004,4859
1162,3499,3551,4930
1163,3259,3274,4529
1164,3148,3718,4381
1165,3040,3422,4083
1166,3128,3308,4217
1167,3516,3182,4532
1168,3136,3643,4399
1169,3045,3332,4456
1170,2869,4086,3956
1171,3290,3293,4676
1172,4102,3073,5236
1173,3361,2996,4394
1174,3159,3183,4243
1175,3364,2991,4388
1176,3134,3281,4171
1177,3039,3216,4409
1178,3228,3009,4355
1179,2930,3199,4150
1180,3317,3101,4389
1181,3187,3296,4465
1182,3495,3073,4610
1183,9103,3605,10350
1184,3793,3861,4929
1185,3407,3267,4681
1186,3249,3371,4629
1187,3247,3265,4467
1188,3192,3181,4400
1189,3184,3468,4470
1190,3355,3450,9474
1191,3572,3377,4732
1192,3252,3534,4493
1193,2919,3291,4055
1194,3546,3423,4882
1195,3196,5500,4098
1196,2262,3039,3021
1197,2313,2376,3083
1198,2208,2161,2925
1199,3349,3299,4470
1200,3140,3244,4235
1201,3271,2875,4290
1202,2743,2921,3707
1203,2939,3316,4121
1204,3330,3466,4542
1205,3399,3337,4563
1206,3291,3266,4634
1207,3273,3118,4521
1208,3990,3085,5050
1209,3409,3171,4752
1210,3086,3292,4308
1211,3318,3410,4650
1212,3192,3482,4436
1213,3086,3135,4231
1214,3453,3595,4802
1215,3500,3592,4888
1216,3370,3245,4654
1217,3515,3145,4789
1218,3022,3216,4139
1219,3516,3648,4703
1220,3380,3544,4494
1221,3484,3353,4721
1222,3504,3148,4601
1223,3099,3053,4290
1224,3225,3189,4369
1225,3245,3599,4482
1226,4319,3279,5435
1227,2994,3103,4047
1228,3624,3556,5126
1229,3220,3305,4408
1230,3397,3220,4587
1231,4414,2914,5644
1232,2137,2491,2917
1233,3273,3307,4508
1234,3147,3361,4419
1235,3231,3536,4330
1236,3243,3594,4585
1237,3132,3299,4182
1238,3246,3435,4485
1239,3066,3525,4248
1240,3471,3338,4705
1241,2935,2742,4062
1242,2699,2956,3737
1243,3295,3239,4563
1244,4026,3885,5448
1245,3734,3389,4954
1246,3072,3358,4181
1247,2929,3348,7043
1248,2832,3120,3869
1249,3137,3312,4426
1250,3075,3190,4244
1251,3246,3260,4555
1252,3979,2244,4937
1253,3072,3247,4335
1254,3547,3020,4631
1255,3301,28275,4456
1256,4913,3958,7059
1257,3926,3928,5525
1258,3389,2873,4455
1259,3154,3503,4372
1260,4079,3798,5444
1261,3824,4221,5184
1262,3368,3388,4776
1263,3369,3334,4466
1264,3372,3487,4725
1265,3481,3578,4967
1266,3400,3365,4806
1267,3481,3201,4738
1268,2983,3403,4186
1269,2863,2942,3959
1270,7759,3479,9106
1271,3143,2886,4152
1272,3032,3061,4235
1273,3393,3280,4707
1274,2915,2973,4059
1275,3146,21654,4324
1276,6023,5049,8781
1277,4017,3886,6345
1278,3540,3962,5353
1279,3363,3393,5025
1280,3340,3461,4471
1281,3126,3399,4105
1282,3467,7258,4586
1283,3216,3506,4270
1284,4977,4315,6453
1285,4309,4586,6007
1286,5048,4689,6776
1287,4773,4852,6442
1288,4554,4840,6082
1289,4512,4832,6035
1290,4612,5264,6340
1291,4801,4687,6499
1292,4389,4532,5828
1293,4872,5186,6798
1294,4791,5009,6651
1295,7996,4691,10021
1296,4458,4374,5920
1297,4500,4561,6205
1298,4635,4918,6294
1299,4411,4372,6244
1300,4478,4895,6450
1301,5043,5208,6987
1302,4440,4418,6198
1303,3421,3395,4702
1304,4315,15138,5737
1305,4620,3719,6821
1306,3803,3627,5660
1307,3365,4278,4717
1308,3411,4051,4812
1309,3440,3696,4878
1310,3233,3531,4570
1311,3411,3533,4661
1312,3260,3293,4331
1313,3321,3208,4713
1314,3791,3141,4925
1315,3225,3229,4437
1316,3161,3170,4478
1317,3145,3237,4156
1318,3491,3238,4806
1319,3511,3326,4781
1320,3318,3135,4392
1321,3128,3271,4514
1322,3114,3227,4311
1323,3173,3360,4310
1324,3720,2872,4833
1325,2961,2805,4029
1326,3219,3335,4301
1327,3361,3424,4462
1328,3413,3646,4811
1329,3454,3604,4743
1330,3748,3958,5090
1331,3532,3600,4956
1332,3444,3847,6351
1333,3308,3495,4967
1334,4076,3472,5345
1335,3604,3425,5031
1336,5919,4102,7257
1337,3434,3373,4935
1338,3269,3481,4610
1339,3643,3435,5004
1340,3139,3195,4373
1341,3231,3313,4364
1342,3319,4154,4638
1343,2227,2891,3015
1344,3306,3308,4418
1345,3125,3109,4235
1346,3154,3374,4379
1347,3197,3166,4479
1348,2746,3131,3914
1349,3440,3582,4704
1350,3146,3833,4318
1351,3251,3024,4496
1352,5384,4046,6689
1353,2919,3401,3936
1354,3277,3197,4707
1355,2993,83910,4262
1356,7003,3993,9172
1357,3515,3386,4972
1358,3207,3416,4595
1359,3372,3512,4688
1360,3283,3558,4751
1361,3756,3540,5224
1362,3488,3450,4726
1363,4801,4149,6210
1364,3661,3345,5087
1365,3470,3487,4716
1366,3583,3337,4880
1367,3354,3861,4764
1368,4380,3734,5756
1369,3500,3495,5042
1370,3840,3523,5195
1371,3801,104303,5194
1372,6102,3834,8111
1373,3622,3598,5306
1374,3928,3393,5058
1375,3475,3379,4836
1376,4160,3685,5571
1377,3458,3325,4708
1378,2970,3171,4121
1379,3436,3375,4663
1380,3083,3442,4294
1381,3126,3232,4256
1382,3120,3280,4384
1383,3129,3278,4293
1384,3478,3420,4864
1385,3186,3383,4318
1386,3117,3366,4312
1387,3185,67952,4425
1388,5484,3047,6846
1389,2339,2436,3222
1390,2510,2288,3282
1391,2291,2268,3045
1392,2125,2220,2880
1393,2219,2213,2958
1394,2205,2203,2951
1395,2147,2308,2925
1396,2184,2195,2944
1397,2171,2146,2951
1398,2330,2125,3051
1399,2498,2155,3225
1400,2648,2140,3411
1401,2591,13537,16046
1402,23991,13200,35957
1403,13002,118761,49900
1404,7255,3861,9182
1405,3203,3508,4316
1406,3405,3464,4615
1407,3330,3499,4705
1408,3632,3478,5123
1409,3304,3663,4728
1410,3275,3579,4427
1411,3138,3606,4353
1412,3376,3366,4686
1413,3047,4749,4474
1414,3140,3279,4315
1415,3204,3420,4416
1416,3523,3376,5017
1417,5993,3377,7797
1418,3154,3153,4337
1419,3597,191330,5028
1420,32575,12671,35731
1421,13108,22189,24761
1422,13184,13063,25002
1423,3932,2635,5463
1424,2203,2329,3004
1425,2151,2114,2853
1426,2428,2212,3147
1427,2129,2139,2852
1428,2242,2122,2947
1429,2473,2146,3229
1430,2108,2182,2868
1431,2058,2103,2857
1432,2030,2228,2789
1433,2879,2219,3590
1434,2038,2220,2771
1435,2120,95254,2905
1436,7005,3992,9167
1437,3651,3524,5192
1438,3400,4273,4903
1439,3573,3601,4954
1440,3246,3482,4486
1441,3625,3478,5063
1442,3380,3343,4703
1443,3457,3490,4639
1444,3418,3491,4735
1445,3159,3552,4400
1446,3417,3160,4674
1447,3381,3571,4736
1448,3279,3581,4547
1449,3644,3413,4883
1450,3443,3469,4865
1451,3866,116800,5282
1452,6405,4124,8542
1453,2988,3544,4174
1454,3743,4156,5004
1455,3546,3773,4803
1456,3551,3421,4741
1457,3298,3564,4577
1458,3571,4018,4918
1459,3550,3522,4759
1460,3514,3397,5616
1461,3454,3546,4718
1462,3590,3556,4881
1463,3777,7297,5170
1464,3454,3460,4845
1465,3347,3520,4727
1466,3389,3461,4791
1467,3452,199562,4791
1468,10482,5183,14007
1469,3719,4123,5121
1470,3717,3788,5071
1471,3501,3469,4796
1472,3523,3256,4840
1473,3572,3366,4918
1474,3921,3335,5318
1475,3428,3488,10687
1476,4510,3731,5749
1477,3597,3324,4942
1478,3481,3778,4951
1479,3191,3456,4571
1480,3485,3593,4869
1481,3204,3288,4525
1482,3385,3260,4689
1483,3424,107158,4712
1484,6643,3620,8469
1485,3488,3500,4704
1486,3216,6725,4587
1487,3337,3192,4433
1488,3346,3061,4445
1489,3016,3361,4451
1490,3134,3104,4378
1491,2909,3502,4055
1492,3172,3656,4162
1493,3788,3590,5040
1494,3816,3375,5014
1495,4690,3723,6234
1496,3185,3284,4358
1497,3076,3014,4302
1498,3248,3071,4440
1499,3211,81007,4671
1500,7842,3874,10080
1501,3593,3668,5171
1502,3541,5190,5043
1503,3672,3557,5134
1504,3518,3646,4981
1505,3315,3591,4616
1506,3365,3560,4594
1507,3596,164570,5029
1508,7030,3588,8818
1509,3473,3407,4951
1510,3687,2502,4673
1511,2154,2263,2865
1512,2623,3280,3974
1513,3170,3441,4361
1514,3540,3202,4898
1515,3356,3291,4532
1516,3204,3516,4601
1517,3294,3323,4707
1518,3185,3652,4464
1519,3241,3350,4428
1520,7659,3716,9125
1521,3435,3323,4735
1522,3229,3305,4444
1523,3467,122413,4918
1524,5484,3858,7609
1525,3655,3476,5232
1526,3384,3247,4800
1527,3984,3438,5292
1528,3359,3245,4436
1529,3130,3224,4410
1530,3113,3066,4273
1531,3303,3534,4601
1532,3267,7856,10588
1533,3491,3236,5130
1534,3729,3354,4898
1535,3129,3298,4382
1536,2785,2188,3553
1537,2095,2179,2968
1538,2087,2124,2817
1539,2176,245153,2928
1540,7275,3986,9340
1541,3624,3502,5108
1542,3474,3850,4715
1543,3343,3409,4556
1544,3591,3556,4840
1545,4779,3599,6129
1546,3693,3458,5104
1547,3338,22111,4630
1548,4878,3882,7049
1549,3933,3636,5576
1550,4254,3762,5741
1551,4218,3397,5517
1552,3613,3685,4974
1553,3467,3930,4856
1554,3584,3718,5015
1555,3544,89071,4971
1556,6280,3924,7914
1557,3617,3286,4687
1558,3532,3308,4965
1559,3454,3534,4618
1560,3315,3365,4383
1561,3475,3059,5905
1562,3571,3314,4710
1563,4136,3676,5636
1564,3071,3491,4403
1565,3095,3610,4267
1566,4831,2992,5898
1567,2860,3195,3942
1568,3273,4080,4642
1569,3264,3564,4708
1570,3995,3609,5401
1571,3545,111301,4893
1572,4518,2570,5721
1573,2180,2347,2993
1574,2334,2311,3137
1575,2202,2227,2998
1576,2229,2356,3012
1577,2150,2301,2897
1578,22745,13428,25553
1579,23298,13586,25931
1580,13858,22004,25207
1581,4138,2685,6046
1582,2302,2262,3164
1583,2189,2249,2947
1584,2208,2426,2992
1585,2771,2264,3510
1586,2357,2678,3101
1587,2338,2675,3068
1588,2224,2196,2998
1589,2279,2466,6766
1590,2189,2639,2934
1591,3091,2292,3843
1592,2229,2187,2972
1593,2112,2234,2844
1594,2310,2326,3020
1595,2116,2189,2883
1596,2081,2123,2798
1597,2431,2315,3170
1598,2068,2130,2794
1599,2096,2189,2807
1600,2123,2208,2858
1601,2227,2132,3133
1602,2518,2156,3263
1603,2089,276339,2829
1604,6093,3705,7998
1605,3447,3580,4685
1606,3348,3120,4630
1607,3187,3577,4520
1608,3549,3422,4747
1609,3198,3729,4368
1610,4954,3406,6232
1611,3314,3712,4726
1612,3010,3089,4080
1613,3242,3197,4619
1614,3206,3228,4400
1615,3335,3256,4567
1616,3067,3341,4399
1617,3183,3150,4370
1618,4058,3559,5515
1619,3463,159235,4808
1620,7428,4278,9481
1621,3617,3570,5049
1622,3469,8743,4816
1623,3348,3328,4632
1624,3665,3469,5025
1625,3632,3391,4983
1626,8771,3561,10183
1627,3305,3661,4651
1628,3402,3438,4786
1629,3401,3721,4832
1630,3325,3417,4593
1631,3417,3291,4575
1632,3460,3266,4712
1633,3669,3258,5007
1634,3847,3414,5121
1635,7751,249387,9303
1636,16167,2697,18631
1637,2531,2422,3346
1638,2442,2190,3165
1639,2164,2123,2918
1640,2115,2173,2854
1641,2068,2123,2816
1642,2063,2099,2808
1643,2108,2136,2846
1644,2066,2103,2795
1645,2063,2118,2816
1646,2346,2752,3099
1647,2173,3362,2898
1648,2238,2188,2936
1649,2099,2169,2822
1650,2407,2168,3126
1651,2078,2143,2783
1652,2158,2135,2894
1653,2070,2125,2882
1654,2516,2334,3278
1655,2052,2113,2761
1656,2175,2120,2900
1657,2093,2126,2807
1658,2161,2105,2880
1659,2169,2113,2892
1660,2240,2230,2952
1661,2221,2072,2948
1662,2225,4555,12982
1663,23132,3285,25797
1664,47940,73579,70867
1665,4549,2798,6143
1666,3009,2589,3792
1667,2319,89204,3075
1668,8743,3854,10897
1669,3637,3713,5210
1670,3685,3521,5188
1671,3434,3497,4825
1672,3274,3510,4752
1673,3534,3378,4783
1674,3503,3329,4734
1675,5763,3986,7899
1676,4036,4169,5462
1677,3788,3428,5006
1678,3628,3585,4899
1679,4342,3336,5714
1680,3276,3313,4527
1681,3354,4629,4759
1682,3624,3802,5067
1683,3309,3700,4646
1684,3541,3581,4894
1685,3278,3568,4494
1686,3507,3247,4928
1687,3258,3478,4598
1688,3754,3237,5040
1689,3500,3716,4829
1690,3300,3509,4603
1691,3284,4291,4515
1692,3387,3466,4719
1693,3533,3426,4964
1694,3400,4409,4785
1695,3341,3528,4710
1696,3912,3410,5158
1697,4248,46118,5469
1698,6011,4296,8892
1699,3569,68779,5172
1700,7187,4118,9278
1701,3451,3687,4923
1702,3601,3502,4948
1703,3844,3358,5233
1704,3308,3465,4774
1705,3339,3461,4795
1706,3411,3765,4671
1707,3254,3461,4615
1708,3365,3521,4714
1709,3278,3478,4632
1710,3358,4012,4601
1711,3434,205030,4612
1712,8603,3538,10504
1713,3122,3264,4292
1714,3115,3294,4291
1715,3503,3336,4905
1716,3314,3313,4430
1717,3572,3349,4795
1718,3395,3197,4478
1719,3284,3451,4497
1720,3968,3195,5060
1721,3182,3533,4366
1722,3281,3351,4692
1723,3617,3312,4845
1724,3355,3287,4676
1725,3072,3725,4392
1726,3141,3331,4493
1727,2933,180258,3972
1728,13758,4125,15684
1729,3485,3158,4780
1730,3312,3224,4590
1731,3173,4253,10666
1732,3563,3411,4729
1733,3105,3099,4225
1734,3438,3651,4598
1735,3269,3116,4352
1736,3385,3048,4362
1737,3246,3917,4925
1738,3342,3391,4609
1739,3324,3474,4710
1740,3401,3393,4815
1741,3397,3573,4755
1742,40269,12561,48164
1743,44410,11847,52538
1744,65348,14568,206186
1745,4161,3753,5691
1746,3549,3632,4826
1747,29870,66176,55375
1748,4548,2601,5925
1749,2238,2412,3142
1750,2241,2272,2972
1751,2317,2172,3063
1752,2673,2185,3414
1753,2097,2198,2837
1754,2256,2126,3032
1755,2352,15324,52202
1756,6078,41800,8155
1757,16613,5352,21096
1758,4113,3870,5667
1759,4046,6704,83376
1760,5960,3750,8096
1761,3418,3783,4920
1762,3310,3155,4527
1763,3269,3362,4433
1764,79093,28290,94282
1765,14418,28351,26077
1766,3244,2571,4796
1767,2277,2246,3097
1768,2253,64007,3008
1769,6369,3909,8455
1770,3474,3718,4901
1771,3563,3402,4781
1772,3364,3614,4851
1773,3545,3304,4939
1774,3519,3425,4874
1775,3396,3450,4771
1776,3474,3992,5045
1777,3265,3275,4615
1778,3166,3440,4330
1779,3166,3570,4297
1780,3519,3559,4885
1781,4475,3723,5849
1782,3472,3629,4929
1783,3751,36311,5172
1784,11324,4370,13455
1785,3632,3679,5036
1786,3553,3589,4989
1787,4278,3823,5684
1788,3707,3891,8522
1789,3724,3999,5091
1790,3270,3563,4430
1791,3283,3526,4506
1792,3681,3709,4806
1793,3890,3346,5083
1794,3087,3245,4499
1795,3419,45610,25148
1796,5523,3885,7646
1797,3587,3374,5049
1798,3409,3472,4692
1799,3458,4127,4705
1800,3611,3220,4877
1801,26321,8753,32686
1802,4143,16805,48253
1803,4743,3523,6467
1804,3798,3489,4998
1805,4504,3539,5749
1806,3301,3420,4554
1807,3201,3501,4537
1808,3232,3159,4370
1809,3385,3378,4813
1810,3515,3412,4867
1811,3554,3610,4938
1812,6180,4014,8398
1813,3293,3558,4600
1814,3644,3429,4978
1815,3507,14447,63727
1816,36544,6965,42869
1817,3986,3532,5400
1818,3602,3381,4695
1819,3528,3334,4870
1820,3393,38952,50217
1821,5456,30464,7293
1822,10254,4413,12546
1823,3690,3433,5063
1824,4070,5319,5526
1825,4033,3589,5234
1826,38967,5402,46288
1827,3670,3469,5081
1828,3708,3573,5130
1829,3604,3498,5116
1830,3600,3445,5095
1831,3424,3689,4844
1832,3655,3684,4970
1833,3557,3451,4837
1834,3552,3608,4913
1835,3283,3397,4527
1836,3348,3929,4673
1837,4037,3654,5440
1838,3613,3243,4957
1839,3382,3544,4833
1840,3324,3540,4668
1841,3573,3259,4905
1842,3180,3587,4439
1843,3400,3292,4763
1844,3486,3473,4898
1845,3179,3487,9155
1846,3745,3580,5045
1847,48179,4764,54394
1848,2475,2492,3308
1849,2525,3101,3258
1850,2666,2303,3396
1851,2203,2281,2942
1852,2326,2539,3077
1853,2364,2164,3118
1854,2151,2169,2867
1855,2164,2180,2898
1856,2398,2118,3150
1857,2145,2141,2876
1858,2206,2241,2924
1859,2263,2122,3051
1860,2207,2083,2972
1861,2519,14082,49479
1862,5579,3393,7055
1863,3450,3689,4723
1864,3435,3241,4622
1865,3446,3466,4784
1866,3314,3250,4581
1867,2971,3358,4220
1868,3153,3115,4235
1869,8212,4002,10225
1870,49997,5092,53321
1871,4001,3723,5956
1872,3242,3619,4444
1873,3254,4299,4458
1874,2907,2992,3701
1875,2459,2375,3187
1876,2180,2190,2953
1877,3137,3264,4218
1878,3545,3430,4647
1879,3274,2959,4249
1880,3077,3347,4248
1881,3368,3388,4864
1882,3482,3262,4882
1883,3565,9523,56208
1884,4027,3174,5488
1885,3787,3728,5009
1886,3252,3466,4435
1887,3050,2994,4102
1888,3444,3358,4772
1889,3015,3103,4313
1890,3266,3165,4533
1891,3364,51551,4658
1892,4229,2389,5416
1893,2299,2376,3063
1894,2275,2335,3030
1895,2322,2251,3093
1896,2319,2271,3031
1897,2277,24243,3008
1898,13203,13316,59073
1899,5652,3791,7648
1900,3440,3378,4839
1901,3447,3231,4695
1902,3455,3342,4665
1903,3288,3169,4472
1904,3378,3438,4580
1905,3243,3337,4418
1906,3029,3253,4139
1907,3623,3284,4770
1908,3137,3509,4339
1909,3009,7702,4177
1910,6753,4092,7656
1911,3075,3321,4484
1912,3087,3331,4239
1913,2942,3126,4097
1914,3182,4193,4424
1915,3653,3343,4692
1916,3246,3557,4461
1917,3194,3230,4314
1918,3388,3279,4618
1919,3136,10153,4476
1920,3706,2158,4750
1921,2204,2158,3015
1922,2118,2143,2890
1923,2123,2131,2872
1924,3896,3353,5167
1925,3592,3060,4726
1926,3126,2796,4091
1927,3066,3103,4255
1928,2964,3108,4191
1929,66800,7662,75402
1930,3907,4255,5207
1931,3624,3553,4932
1932,10926,3946,12120
1933,3372,3474,4810
1934,3260,3536,4674
1935,3469,3557,4830
1936,3662,3402,5130
1937,3965,3466,5428
1938,3215,3792,4630
1939,3659,3704,5078
1940,4570,4728,5714
1941,4206,3312,5798
1942,4107,3334,5354
1943,3205,3062,4550
1944,3172,6978,4386
1945,3619,3319,5018
1946,3311,42444,4711
1947,100725,7764,106450
1948,3825,3373,5194
1949,5794,4503,8202
1950,3664,3287,5057
1951,3158,3260,4339
1952,3534,3655,4781
1953,3844,3738,5287
1954,3550,3801,4773
1955,3145,3297,4373
1956,3076,3281,4310
1957,45966,11795,64908
1958,4504,3878,6346
1959,3237,3235,4458
1960,3274,3801,4500
1961,3449,3655,4870
1962,3448,3574,4837
1963,3861,3571,5222
1964,3482,3393,4716
1965,2837,3145,3924
1966,3742,3171,5085
1967,3478,3411,4728
1968,3529,3071,4606
1969,3241,3145,4612
1970,3313,3903,4477
1971,6772,4158,9480
1972,4070,3159,5516
1973,2980,3449,4474
1974,3250,3306,4497
1975,3112,3740,4328
1976,33617,6775,39607
1977,4385,33329,5956
1978,7137,4107,8900
1979,3664,3244,5042
1980,3443,3314,4818
1981,3240,3343,4650
1982,3374,3356,4560
1983,3404,3511,4701
1984,3424,42611,4790
1985,9267,3872,11270
1986,3371,3482,4559
1987,3368,3712,11248
1988,3866,3312,5085
1989,3112,3338,4313
1990,3341,3485,4475
1991,25378,14220,47124
1992,15057,3362,17168
1993,2817,2550,3684
1994,10684,4858,14691
1995,5214,3921,6674
1996,3743,3538,5186
1997,3442,3491,4812
1998,3460,3460,4906
1999,3283,3247,4462
2000,3230,4501,4461
